8366889;1676280555;3130312334;
8366889;3130312334;25620759;
8366896;25620516;2379077834;
8366896;2379077834;2379077831;
8366896;2379077831;25620692;
8366896;25620692;2378366854;
8366896;2378366854;1386051842;
8366901;25620948;1386051850;
8366901;1386051850;3442647353;
8366901;3442647353;1386051854;
8367089;2247375546;1387283705;
8367089;1387283705;2383470264;
8367103;1788785599;4751755890;
8367103;4751755890;1788785595;
8367103;1788785595;4751755891;
8367103;4751755891;1788785596;
8367103;1788785596;423183085;
8367103;423183085;129555296;
8367104;2912188495;2912188486;
8367104;2912188486;2912188492;
8367104;2912188492;2912188490;
8367104;2912188490;2912188496;
8367104;2912188496;2937870610;
8367104;2937870610;129533454;
8367104;129533454;25632417;
8367104;25632417;3392939485;
8367104;3392939485;2937870609;
8367104;2937870609;3690635855;
8367104;3690635855;25632401;
8367104;25632401;1209790922;
8367104;1209790922;25632402;
8367104;25632402;3392939470;
8367104;3392939470;3694518900;
8367104;3694518900;2366154047;
8367104;2366154047;25632403;
8367104;25632403;2366154016;
8367104;2366154016;2366098060;
8367104;2366098060;25632404;
8367104;25632404;3392939463;
8367104;3392939463;3392939462;
8367104;3392939462;1278184346;
8367143;126647309;126647239;
8367143;126647239;3563651993;
8367143;3563651993;4751728018;
8367143;4751728018;4751728017;
8367143;4751728017;25632444;
8367143;25632444;25632440;
8367143;25632440;25632439;
8367143;25632439;25632438;
8367147;129554561;3699236931;
8367147;3699236931;3698039529;
8367147;3698039529;3698157316;
8367147;3698157316;3699236947;
8367147;3699236947;25632433;
8367160;25632432;4356494322;
8367160;4356494322;25632423;
12300169;129558976;4529130486;
12300169;4529130486;286969936;
12300169;286969936;2209932686;
12300169;2209932686;4529131597;
12300169;4529131597;111481848;
12300169;111481848;4529131600;
12300169;4529131600;3392710676;
12300169;3392710676;111481849;
12300169;111481849;4529131608;
12300169;4529131608;2262128243;
12544650;2206349297;476018885;
12544650;476018885;2205918506;
12544650;2205918506;2205918283;
12544650;2205918283;112686789;
13278020;111479507;111479508;
13278020;111479508;111479509;
13278020;111479509;111479510;
13278020;111479510;3392710660;
13278020;3392710660;286970022;
13278020;286970022;4529131610;
13278020;4529131610;2262128243;
13278020;2262128243;3387597048;
13278020;3387597048;2207402779;
13278020;2207402779;3387597051;
13278020;3387597051;2207418932;
13278159;111481288;4527005386;
13278159;4527005386;3392710689;
13278159;3392710689;476010141;
13278159;476010141;2206349297;
14326464;129557542;2214758555;
14326464;2214758555;2247054929;
14326464;2247054929;2681412872;
14326464;2681412872;3130311624;
14326464;3130311624;2086439968;
14326464;2086439968;2086439969;
14326464;2086439969;2086440304;
14326464;2086440304;4529953563;
14326464;4529953563;129557601;
14326464;129557601;2213587968;
14326464;2213587968;2213587966;
14326464;2213587966;1684844050;
14326464;1684844050;129544876;
14326487;2247054934;2681412874;
14326487;2681412874;2247054935;
14326487;2247054935;3130311625;
14326487;3130311625;4327756510;
14326493;128680158;2247390934;
14326493;2247390934;129558556;
14326493;129558556;2247390923;
14326493;2247390923;2247390925;
14326493;2247390925;1788784977;
14326493;1788784977;2247390939;
14326493;2247390939;1788784981;
14326493;1788784981;314549177;
14326493;314549177;2213447626;
14326493;2213447626;2214522449;
14326558;129544876;3130312344;
14326558;3130312344;2214758559;
14326558;2214758559;2209225419;
14326558;2209225419;3457211715;
14326558;3457211715;25620960;
14326558;25620960;2209225447;
14326558;2209225447;3130312335;
14326558;3130312335;2245520913;
14326558;2245520913;3554720424;
14326733;137831888;2413940881;
14326733;2413940881;2413446290;
14326733;2413446290;2413446263;
14326733;2413446263;137831884;
14326733;137831884;137831881;
14326733;137831881;2413950281;
14326733;2413950281;1693766989;
14326733;1693766989;1693766970;
14326733;1693766970;137831876;
14326733;137831876;1693766987;
14326733;1693766987;137831873;
14326733;137831873;2414401910;
14326733;2414401910;1684844451;
14326733;1684844451;1386063691;
14327260;2218529687;2222190625;
14327260;2222190625;4608623070;
14327260;4608623070;4751755897;
14327260;4751755897;137884299;
14327274;137881583;2218529679;
14327274;2218529679;2218529690;
14327318;137882131;2222190811;
14327318;2222190811;4612504733;
14327318;4612504733;1594804691;
14327318;1594804691;2218529670;
14327351;137882131;4621647257;
14327351;4621647257;4621715682;
14327351;4621715682;2208476303;
14327351;2208476303;4751755898;
14327351;4751755898;4751755899;
14327351;4751755899;2208891172;
14327351;2208891172;2208891134;
14327438;137896681;2307191876;
14327438;2307191876;2222393786;
14327505;2222393786;2307175467;
14327505;2307175467;137884299;
14327505;137884299;3387597817;
14327505;3387597817;2307219736;
14327505;2307219736;2307219747;
14327522;2307219720;4529953519;
14327522;4529953519;137901873;
14327522;137901873;137901874;
14327522;137901874;4529953510;
14327522;4529953510;2308839816;
14327522;2308839816;3387931893;
14327522;3387931893;2308839857;
14327522;2308839857;3387931894;
14327522;3387931894;1788785403;
14327522;1788785403;4452315915;
14327522;4452315915;4452315909;
14327522;4452315909;25632432;
14327545;2308862117;4529953530;
14327545;4529953530;129554083;
14327867;129554083;668955253;
14327868;137903872;2307244292;
14327868;2307244292;2307244299;
14327868;2307244299;4529953524;
14327868;4529953524;2307244305;
14327868;2307244305;1788785115;
14327868;1788785115;2925345692;
14327868;2925345692;137896681;
14327876;137896681;2925430330;
14327876;2925430330;2925430342;
14327876;2925430342;137903876;
14327876;137903876;2925398536;
14327876;2925398536;137903879;
14327876;137903879;2208891134;
14328357;137959671;4452315908;
14328357;4452315908;137961403;
14328357;137961403;4488753687;
14328357;4488753687;4720971839;
14328357;4720971839;1788785575;
14328357;1788785575;1788785577;
14328357;1788785577;3950967578;
14328357;3950967578;4591119711;
14328357;4591119711;3950967581;
14328446;129555296;4452315911;
14328446;4452315911;4720971830;
14328446;4720971830;25632438;
14328446;25632438;25632432;
14328446;25632432;4356494325;
14328446;4356494325;25632433;
14328446;25632433;3688730541;
14328446;3688730541;25632412;
14328446;25632412;3688730540;
14328446;3688730540;2926953947;
14328446;2926953947;2926953948;
14328446;2926953948;2978059160;
14328446;2978059160;2978059161;
14328446;2978059161;2829209747;
14328446;2829209747;4356494324;
14328446;4356494324;25632409;
14328446;25632409;4529952477;
14328446;4529952477;3695911150;
14328446;3695911150;1278184335;
14333465;138220017;3392711326;
14333465;3392711326;2246222543;
14333465;2246222543;2246222537;
14333465;2246222537;2246222534;
14333465;2246222534;2246222541;
14333465;2246222541;2246222517;
14333465;2246222517;2246222523;
14333465;2246222523;2246222545;
14333465;2246222545;138220134;
14333474;138220019;3392711327;
14333474;3392711327;2246222552;
14333474;2246222552;2246222551;
14333474;2246222551;2246222547;
14333474;2246222547;2246222549;
14333500;138222054;286969310;
14333500;286969310;138222057;
14333500;138222057;2214758550;
14333500;2214758550;2681412869;
14333500;2681412869;3387597830;
14333500;3387597830;129544876;
14333733;138230335;138230334;
14333733;138230334;2927035119;
14333733;2927035119;2927035117;
14333733;2927035117;2927035126;
14333733;2927035126;138230332;
14333733;138230332;2204210205;
14333733;2204210205;3387597081;
14333733;3387597081;3387597086;
14333733;3387597086;2076734382;
14333733;2076734382;2204179799;
14333954;137955522;2307214692;
14333954;2307214692;2927287349;
14333954;2927287349;2202026086;
14333954;2202026086;4529953513;
14333954;4529953513;137901873;
14333954;137901873;4529953516;
14333954;4529953516;4488753666;
14333954;4488753666;1788785269;
14333954;1788785269;138238303;
14333954;138238303;4488753667;
14333954;4488753667;138238299;
14333954;138238299;4720971840;
14333954;4720971840;138238298;
14333954;138238298;1788785577;
14333980;137896691;4751755892;
14333980;4751755892;4751755894;
14333980;4751755894;4751755893;
14333980;4751755893;138238303;
14334037;2301107045;3385332347;
14334037;3385332347;3385332346;
14334037;3385332346;138239471;
14334037;138239471;2202026023;
14334037;2202026023;1594804752;
14334037;1594804752;138241053;
14334037;138241053;3385332337;
14334037;3385332337;3385332333;
14334037;3385332333;3385332330;
14334037;3385332330;1594804665;
14334037;1594804665;3385332319;
14334037;3385332319;2281079431;
14334037;2281079431;2281082829;
14334037;2281082829;3385332312;
14334037;3385332312;1548165946;
26119844;1684844453;4526972153;
26119844;4526972153;1684844436;
26119844;1684844436;4526972156;
26119844;4526972156;1684844433;
26119844;1684844433;2247371507;
26119844;2247371507;1684844417;
26119844;1684844417;2379389151;
26119844;2379389151;1684844412;
26119880;1386051849;1386063709;
26119900;25620743;2354378407;
26119900;2354378407;25620737;
26119900;25620737;1386051849;
26207695;286968481;3392939454;
26207695;3392939454;286968789;
26207695;286968789;2335762665;
26207695;2335762665;4488753662;
26207695;4488753662;286968787;
26207784;2213482415;286969308;
26207784;286969308;475796332;
26207784;475796332;286969310;
26207794;2213321426;286969400;
26207794;286969400;286969399;
26207794;286969399;286969398;
26207794;286969398;286969397;
26207794;286969397;286969396;
26207794;286969396;286969395;
26207794;286969395;286969394;
26207794;286969394;1279795690;
26207794;1279795690;286969393;
26207794;286969393;475549048;
26207794;475549048;286969392;
26207794;286969392;286969391;
26207794;286969391;286969390;
26207794;286969390;286969389;
26207794;286969389;475550561;
26207794;475550561;475737524;
26207794;475737524;286969387;
26207794;286969387;138223440;
26207858;2211299275;3387597043;
26207858;3387597043;2211299272;
26207858;2211299272;2204347232;
26207858;2204347232;1277590623;
26207858;1277590623;286969778;
26207858;286969778;286969779;
26207858;286969779;3387597039;
26207858;3387597039;2211286021;
26207885;286969936;4681665499;
26207885;4681665499;286969938;
26207885;286969938;286969939;
26207885;286969939;2469350601;
26207885;2469350601;286969940;
26207885;286969940;475555187;
26207885;475555187;286969970;
26207885;286969970;2915025624;
26207885;2915025624;286970027;
26207885;286970027;2213037941;
26207885;2213037941;1296455172;
26207885;1296455172;286969943;
26207889;111481848;2356376617;
26207889;2356376617;4529131602;
26207889;4529131602;3392710692;
26207889;3392710692;2207399542;
26207889;2207399542;4529131593;
26207889;4529131593;111481561;
28193881;1554886175;343646802;
28193881;343646802;137831888;
28618235;475552091;475552092;
28618235;475552092;2213218025;
28618235;2213218025;2213218013;
28618235;2213218013;2213218028;
28618235;2213218028;2213321429;
30417987;2222393786;2222393782;
30417987;2222393782;2222393784;
30417987;2222393784;4614805774;
30417987;4614805774;4614795578;
30417987;4614795578;137882131;
30417989;1684843640;1143317472;
30417989;1143317472;138230335;
30912936;25632224;343646801;
31060242;345296684;2379012474;
31060242;2379012474;2730124809;
31060242;2730124809;2730124813;
31060242;2730124813;2379012444;
31060242;2379012444;345296686;
31060242;345296686;2379012458;
31060242;2379012458;25632367;
31572903;1771990365;112686793;
31573135;2208891134;4751755900;
31573135;4751755900;2208891061;
31573135;2208891061;4744083580;
31573135;4744083580;1554874570;
31573135;1554874570;2325018399;
31573135;2325018399;2325018422;
31573135;2325018422;2325018426;
31573135;2325018426;2325018379;
31573135;2325018379;2325018383;
31573135;2325018383;2325018420;
31573135;2325018420;2325018389;
31573135;2325018389;2135998880;
31573135;2135998880;138233991;
31573135;138233991;138234198;
34607518;25620653;25620570;
34607518;25620570;1106006327;
34607518;1106006327;2893389981;
34607518;2893389981;25620759;
34607518;25620759;2246086928;
34607518;2246086928;2246054719;
34607518;2246054719;25620737;
34607518;25620737;25620947;
34607518;25620947;3388020773;
34607518;3388020773;3388020769;
34607518;3388020769;25620960;
34683791;137831896;137831895;
34684086;111481288;4554258208;
34684086;4554258208;3387597049;
34916303;129555296;129555503;
34916303;129555503;4452315907;
34916303;4452315907;2308862114;
35171965;138234198;2466949472;
35171965;2466949472;4556366835;
35171965;4556366835;1684843635;
35171965;1684843635;138231433;
35171965;138231433;1548165654;
35171965;1548165654;2207661589;
35171965;2207661589;2207661591;
35171965;2207661591;2207661590;
35171965;2207661590;1684843640;
35203817;25632368;1684844618;
35203817;1684844618;2379315789;
35203817;2379315789;2379376386;
35203817;2379376386;25632367;
35203817;25632367;2379351710;
35203817;2379351710;2379351709;
35203817;2379351709;2379279844;
35203817;2379279844;25620518;
39658831;475410116;1788785406;
39658831;1788785406;3891282335;
39658831;3891282335;3891282336;
39658831;3891282336;3690885656;
39658831;3690885656;2293611903;
39658831;2293611903;2473711658;
39668434;25620948;475544038;
39668434;475544038;1684844083;
39668434;1684844083;3387597836;
39668434;3387597836;3387597834;
39668434;3387597834;1684844050;
39669069;2213482387;2213482379;
39669069;2213482379;2213482407;
39669069;2213482407;2213482442;
39669069;2213482442;475548530;
39669178;2213482442;2213495315;
39669178;2213495315;2213495295;
39669178;2213495295;2213495280;
39669178;2213495280;2213495375;
39669178;2213495375;475549313;
39669178;475549313;475550565;
39669178;475550565;475549314;
39669178;475549314;475549315;
39669178;475549315;475796338;
39669178;475796338;138223440;
39669207;475549495;475549497;
39669207;475549497;2213321456;
39669380;2213380800;475550923;
39670022;2255178540;2255280881;
39670022;2255280881;2255280883;
39670022;2255280883;2213201783;
39670022;2213201783;2213201789;
39670022;2213201789;2213201795;
39670022;2213201795;2213201786;
39670022;2213201786;2213201790;
39670022;2213201790;2213201784;
39670022;2213201784;2213201785;
39670022;2213201785;2213201788;
39670022;2213201788;2915025634;
39670022;2915025634;2213201787;
39670022;2213201787;2213201792;
39670022;2213201792;2213131483;
39670412;475555577;475561161;
39670412;475561161;2213334724;
39670412;2213334724;2213321463;
39670422;129558556;2382520653;
39670422;2382520653;2382520652;
39670422;2382520652;2382520651;
39670422;2382520651;2382520662;
39670422;2382520662;1788784965;
39670422;1788784965;2247390916;
39670422;2247390916;4529953574;
39670422;4529953574;475561164;
39670422;475561164;2213321507;
39670422;2213321507;2213218020;
39670422;2213218020;2213334713;
39670422;2213334713;2213334712;
39670422;2213334712;2213334714;
39670422;2213334714;2213334725;
39670422;2213334725;2213334720;
39670422;2213334720;2213334721;
39670422;2213334721;2213334724;
39679967;2211312968;2211312954;
39679967;2211312954;3392710651;
39679967;3392710651;4554401292;
39679967;4554401292;2206337046;
39679967;2206337046;4555699314;
39679967;4555699314;476009976;
39679967;476009976;4555699311;
39679967;4555699311;3392710659;
39679967;3392710659;475725586;
39679967;475725586;1277590625;
39679967;1277590625;475725587;
39679967;475725587;475725589;
39679967;475725589;4555699312;
39679967;4555699312;3398946367;
39679967;3398946367;475725591;
39679967;475725591;4555697401;
39679967;4555697401;3392939425;
39679967;3392939425;1277601207;
39685406;2204446901;2204447005;
39685406;2204447005;2204446966;
39685406;2204446966;2204446951;
39685406;2204446951;2204446942;
39685406;2204446942;2206208148;
39690284;2207661590;2466288670;
39690284;2466288670;4673335534;
39690284;4673335534;2466286891;
39690284;2466286891;2466286885;
39690284;2466286885;2205504451;
39690472;475876236;475876237;
39690472;475876237;2205918899;
39690472;2205918899;475876238;
39690472;475876238;2356692360;
39690472;2356692360;475876239;
39690472;475876239;475876242;
39690472;475876242;475877747;
39701842;1143317472;3392939431;
39701842;3392939431;2204446917;
39701842;2204446917;2205076702;
39701846;2205504451;2319996589;
39701846;2319996589;2319996587;
39701846;2319996587;2319996578;
39701846;2319996578;2466276661;
39701846;2466276661;3392711305;
39701846;3392711305;2205504355;
39701846;2205504355;2466269904;
39701846;2466269904;475875745;
39701846;475875745;2468364181;
39701846;2468364181;475875746;
39701846;475875746;2204446961;
39701846;2204446961;2204446913;
39701846;2204446913;2204446955;
39701846;2204446955;2204446999;
39701846;2204446999;2204446890;
39701846;2204446890;2204446908;
39701846;2204446908;2204446945;
39701846;2204446945;475875752;
39701846;475875752;1143317277;
39701846;1143317277;2204447004;
39701846;2204447004;2204446849;
39701846;2204446849;2468364178;
39701846;2468364178;1143318409;
39701846;1143318409;2256217207;
39701846;2256217207;476019077;
49982592;634965729;1103416771;
49982592;1103416771;137881583;
51230332;1554886175;3098121120;
51230332;3098121120;3098121124;
51230332;3098121124;128680158;
52704506;668955253;2335399819;
60175224;1386051845;2246088571;
60175224;2246088571;4526972150;
60175224;4526972150;2378113695;
60175224;2378113695;2378113687;
60175590;25632422;2261413157;
60175590;2261413157;475406853;
60175590;475406853;2366079052;
60175590;2366079052;25632421;
60175590;25632421;3130312340;
60175590;3130312340;958309720;
60175590;958309720;2896411050;
60175590;2896411050;1676280580;
60175590;1676280580;2904530087;
60175590;2904530087;2242805402;
60175941;2893310955;1684844825;
60175941;1684844825;3130312329;
60175941;3130312329;2896411045;
60175941;2896411045;1105966159;
60175941;1105966159;747478280;
60175941;747478280;3130311627;
60175941;3130311627;747478309;
60175941;747478309;2365191005;
60175941;2365191005;475406849;
60175941;475406849;2261413154;
60175941;2261413154;1676280555;
60175941;1676280555;286969224;
96151239;122549700;1827037245;
96151239;1827037245;1827037244;
96151239;1827037244;674753639;
96151239;674753639;2258300905;
96151239;2258300905;111479498;
96151239;111479498;111479500;
96151239;111479500;3391597643;
96151239;3391597643;111479501;
96151239;111479501;111479502;
96151239;111479502;2478900160;
96151239;2478900160;111479503;
96151239;111479503;1788784885;
96151239;1788784885;111479504;
96151239;111479504;111479505;
96151239;111479505;2478887497;
96151239;2478887497;2478887472;
96151239;2478887472;286969943;
96151239;286969943;111479506;
96151239;111479506;111479507;
98835856;2466304500;4552662440;
98835856;4552662440;4552662443;
98835856;4552662443;4552662442;
98835856;4552662442;4552662441;
98835856;4552662441;1143318426;
107430880;1234709031;2086432786;
107430880;2086432786;1234709025;
107430880;1234709025;3392711329;
107430880;3392711329;2247240229;
107430880;2247240229;2247240242;
107430880;2247240242;2247240246;
107430880;2247240246;2247240235;
110334887;129558976;4679272915;
110334887;4679272915;1279795709;
110334887;1279795709;475555174;
110334887;475555174;475555175;
110334887;475555175;1279795688;
110334887;1279795688;475552091;
112064480;4556255874;1274830124;
112064480;1274830124;4556236525;
112064480;4556236525;1274830123;
112064480;1274830123;138234198;
112448957;111481288;2356350502;
112448957;2356350502;2356536980;
112448957;2356536980;4529130481;
112448957;4529130481;129559334;
112465238;1278184335;4529952474;
112465238;4529952474;4356494332;
112465238;4356494332;1278184350;
112465240;286969224;2365195081;
112465240;2365195081;3130312336;
112465240;3130312336;3130312332;
112465240;3130312332;2366079039;
112465240;2366079039;25632422;
112465243;1278184346;1278184331;
112465243;1278184331;2366098499;
112465243;2366098499;1684844700;
112465243;1684844700;3392939460;
112465243;3392939460;2204100014;
112465243;2204100014;3392939459;
112465243;3392939459;4529952486;
112465243;4529952486;2352603829;
112631100;2213131596;2213112078;
112631100;2213112078;475555187;
112631504;475548530;475549051;
112631504;475549051;475550923;
112631504;475550923;475551227;
112631504;475551227;475549495;
112631504;475549495;2211383251;
112635323;345296684;3392711333;
112635323;3392711333;3392711331;
112635323;3392711331;2086439489;
112635323;2086439489;2383617372;
112635323;2383617372;1684844430;
124539828;1386051854;4526972149;
124539828;4526972149;1386051847;
124539828;1386051847;2378366856;
124539828;2378366856;2378366886;
124539828;2378366886;2378366848;
124539828;2378366848;2378366860;
124539828;2378366860;2378366846;
124539828;2378366846;1386051842;
125102901;2208891083;4027074700;
125102901;4027074700;4027074709;
125102901;4027074709;4027074707;
125102901;4027074707;2927055765;
125102901;2927055765;1390263739;
125102901;1390263739;2927055755;
125102901;2927055755;2927055798;
125102901;2927055798;1390263738;
125102902;1390263703;3387597814;
125102902;3387597814;2721972099;
125102902;2721972099;2721972082;
125102902;2721972082;2721972096;
125102902;2721972096;2721972098;
125102902;2721972098;1390263684;
125102904;1390263755;2927055779;
125102904;2927055779;2927055762;
125102904;2927055762;2721972084;
125102904;2721972084;1390263753;
125102904;1390263753;1390263749;
125102904;1390263749;1390263746;
125102904;1390263746;1390263744;
128825637;25632368;1684844640;
128825637;1684844640;2383414389;
128825637;2383414389;1684844657;
128825637;1684844657;1422586944;
128825637;1422586944;2383414357;
128825637;2383414357;2383421998;
128825637;2383421998;2383422000;
128825637;2383422000;2383414298;
128825637;2383414298;1422586945;
128825637;1422586945;2383414359;
128825637;2383414359;2383414331;
128825637;2383414331;2383414300;
128825637;2383414300;2383414250;
128825637;2383414250;2383414260;
141444180;1548165654;1548165659;
141444180;1548165659;2204210208;
141444180;2204210208;2466742471;
141444180;2466742471;2466943669;
141444180;2466943669;2466742472;
141444180;2466742472;138231433;
141444234;138234001;1548165850;
141444234;1548165850;4488753793;
141444234;4488753793;4562170435;
141444234;4562170435;1788784916;
141444234;1788784916;4488753792;
141444234;4488753792;1548165853;
141444234;1548165853;4559380170;
141444234;4559380170;1548165856;
141444234;1548165856;4562226811;
141444234;4562226811;1548165860;
141444234;1548165860;4559346931;
141444282;1594804752;3385332335;
141444282;3385332335;4608380289;
141444282;4608380289;2202026009;
141444282;2202026009;1548166034;
141444282;1548166034;2202026008;
141444282;2202026008;1548165901;
141444282;1548165901;3385332321;
141444282;3385332321;2299622371;
141444282;2299622371;3385332336;
141444282;3385332336;138241053;
141444282;138241053;138242846;
141444282;138242846;4685615440;
141444282;4685615440;2202026023;
142214758;2208891059;4488753663;
142214758;4488753663;129553667;
142214759;2335399819;4529953527;
142214759;4529953527;4529953533;
142214759;4529953533;2202026123;
142214759;2202026123;3891282331;
142214759;3891282331;4529953538;
142214759;4529953538;129553667;
142214759;129553667;2202026124;
142214759;2202026124;4529953537;
142214759;4529953537;3993126454;
142214759;3993126454;3392939436;
142214759;3392939436;475410116;
142214759;475410116;138234852;
142214763;2208891059;4529953547;
142214763;4529953547;2208686199;
142214763;2208686199;2208686190;
142214763;2208686190;2208686206;
142214763;2208686206;3992990333;
142214763;3992990333;3992990337;
142214763;3992990337;3992990335;
142214763;3992990335;3992990336;
142214763;3992990336;3992990339;
142214763;3992990339;1684844136;
154505299;2216360362;2216360315;
154505299;2216360315;2216360296;
154505299;2216360296;4558796667;
154505299;4558796667;4558796666;
154505299;4558796666;4558796673;
156208916;1684844554;1684844596;
156208916;1684844596;475408774;
156209004;475406849;2365195104;
156209004;2365195104;2365195098;
156209004;2365195098;2365186271;
156209004;2365186271;1684844803;
156209004;1684844803;2365195091;
156209004;2365195091;1684844798;
156209004;1684844798;2242805785;
156209004;2242805785;1684844785;
156209004;1684844785;286969224;
156209009;25632422;1684844771;
156209009;1684844771;2242805783;
156209009;2242805783;2366079031;
156209009;2366079031;1684844794;
156209009;1684844794;1684844797;
156209009;1684844797;2366079045;
156209009;2366079045;2366079051;
156209009;2366079051;475406853;
165660759;112686793;2352439937;
167487397;1788784962;1788784961;
167487491;2255087253;1788784968;
167487491;1788784968;1788784963;
167487491;1788784963;1788784962;
173072164;1838975580;1838975574;
173072164;1838975574;1838975559;
173072170;2218529670;2218529707;
173072170;2218529707;2218529671;
173072170;2218529671;2218529685;
173072170;2218529685;1838975580;
174689857;25620947;2246033646;
174689857;2246033646;25620948;
190128487;138234852;2337036559;
190128487;2337036559;138235495;
190128487;138235495;3993126224;
190128487;3993126224;3554720444;
190128487;3554720444;3554720446;
190128487;3554720446;25620747;
190128490;1386051842;1684844453;
197434949;129559333;2319991795;
197434949;2319991795;1390263703;
197464423;1684844453;2246222549;
197464424;1684844453;2681416135;
197464424;2681416135;2077034851;
197464424;2077034851;345296684;
197464424;345296684;2077034852;
197464424;2077034852;2383470259;
197464424;2383470259;2383414313;
198515209;2383427198;2086436548;
198515209;2086436548;2383427210;
198515209;2383427210;1684844512;
198515210;2383414313;2383452377;
198515210;2383452377;2383452379;
198515210;2383452379;2383452386;
198515507;2383626819;2086439487;
198515507;2086439487;2086439488;
198515507;2086439488;2383626807;
198515507;2383626807;2383626811;
198515507;2383626811;2383626829;
198515579;2086439972;2246172379;
198515579;2246172379;2246172380;
198515579;2246172380;2246172378;
198515579;2246172378;2086439969;
198515580;2086439970;3392711324;
198515580;3392711324;3392711325;
198515580;3392711325;2086439973;
198515580;2086439973;3392711323;
198515580;3392711323;2086439972;
198515581;2086439968;2086439971;
198515581;2086439971;2086439974;
198515581;2086439974;2086439970;
198515632;2086440304;2086440300;
198515632;2086440300;2086440306;
198515632;2086440306;2086440308;
198515632;2086440308;4529953566;
198515632;4529953566;2086440302;
198515632;2086440302;138220017;
200967938;137831888;2109261121;
200967938;2109261121;2413446305;
200967938;2413446305;2109261123;
206720846;129553665;3891282353;
206720846;3891282353;2375804624;
206720846;2375804624;2322744401;
206720846;2322744401;4529953496;
206720846;4529953496;129553875;
206720846;129553875;4529953502;
206720846;4529953502;129554561;
206720846;129554561;2308862124;
210073259;1386063709;1386063705;
210073259;1386063705;285945202;
210073259;285945202;2383323187;
210073259;2383323187;285944799;
210073295;2202026075;2202026080;
210073295;2202026080;2202026086;
210073302;2202026085;2202026084;
210073302;2202026084;2202026077;
210073302;2202026077;2202026076;
210073302;2202026076;2307244303;
210073302;2307244303;2202026083;
210073302;2202026083;2202026095;
210328130;3392939459;3392939458;
210328130;3392939458;2352607507;
210328130;2352607507;3692670689;
210328130;3692670689;2352603847;
210328130;2352603847;2352603833;
210328138;2204099947;3392939452;
210328138;3392939452;2740798807;
210328138;2740798807;2204100002;
210328138;2204100002;2204099972;
210328138;2204099972;2352867953;
210328138;2352867953;2352867947;
210328138;2352867947;2352867945;
210328138;2352867945;2352867951;
210328138;2352867951;2352867950;
210328147;475408774;2204099989;
210328147;2204099989;286968481;
210328149;2204099858;4529953552;
210328149;4529953552;2208686217;
210336696;3392939436;3392939435;
210336696;3392939435;2925471785;
210336696;2925471785;2204179817;
210336696;2204179817;2204179963;
210336696;2204179963;2243316090;
210336696;2243316090;2243316041;
210336696;2243316041;2243316074;
210336697;138233064;4027068552;
210336697;4027068552;4027068570;
210336698;2204179799;2204179990;
210336698;2204179990;2204179954;
210336698;2204179954;2204179952;
210336707;2204179963;2204179820;
210336707;2204179820;3993021524;
210336707;3993021524;4097873936;
210336707;4097873936;3993021523;
210339821;2204210316;2926993939;
210339821;2926993939;2926993940;
210339821;2926993940;2204210283;
210339821;2204210283;3387597068;
210339821;3387597068;2204210207;
210339822;1548165659;2204210263;
210339822;2204210263;2466715276;
210339822;2466715276;2466943130;
210339822;2466943130;2466715273;
210339822;2466715273;2466715278;
210339822;2466715278;2204210273;
210339822;2204210273;3392939428;
210339822;3392939428;2927076257;
210346011;1274830100;4556236529;
210346011;4556236529;2204255126;
210346011;2204255126;2204255056;
210346011;2204255056;2204255037;
210346011;2204255037;2927137133;
210346011;2927137133;2204255125;
210346011;2204255125;2927137116;
210346011;2927137116;3392939426;
210365854;475873985;3392711308;
210365854;3392711308;475876246;
210365855;2352661453;2205627320;
210365855;2205627320;1143317259;
210365855;1143317259;3392711313;
210365855;3392711313;3392711315;
210365855;3392711315;2204446885;
210365855;2204446885;2466304485;
210365855;2466304485;2466304480;
210365855;2466304480;2466304500;
210365858;2206208148;2270441292;
210365858;2270441292;2270441291;
210365858;2270441291;2270441288;
210365858;2270441288;2270441289;
210365858;2270441289;2270441293;
210365858;2270441293;2270441290;
210365858;2270441290;2206208144;
210365858;2206208144;475876236;
210365858;475876236;2204446886;
210365858;2204446886;2204446938;
210365858;2204446938;3387597811;
210365858;3387597811;2356731137;
210365858;2356731137;3092601790;
210365861;476009975;3387597056;
210365861;3387597056;2204446939;
210365861;2204446939;3387597057;
210365861;3387597057;129559334;
210365864;475876246;3387597069;
210365864;3387597069;2204446947;
210365864;2204446947;2204447000;
210365864;2204447000;2204447002;
210365864;2204447002;2204446921;
210365864;2204446921;2204446977;
210365864;2204446977;2204446981;
210365864;2204446981;2204446983;
210365864;2204446983;2204446907;
210365864;2204446907;2204446866;
210365864;2204446866;2204446953;
210365864;2204446953;2204446974;
210365864;2204446974;2204446937;
210365864;2204446937;2204446861;
210365864;2204446861;476009975;
210444158;2205627342;2466263947;
210444158;2466263947;2256217209;
210444160;475873985;2205076669;
210444160;2205076669;2205076695;
210444160;2205076695;2205076660;
210444160;2205076660;2205076670;
210444160;2205076670;2205076659;
210444161;2205076678;2204446946;
210444161;2204446946;1143318547;
210444161;1143318547;475873985;
210444168;2205076702;2205076678;
210470734;2466286902;2466286905;
210470734;2466286905;2466286897;
210470734;2466286897;2205627328;
210470734;2205627328;2205627475;
210470734;2205627475;2205627473;
210470734;2205627473;2205627485;
210470734;2205627485;2352661453;
210470739;2205076659;2205627539;
210507317;2204446937;2205918468;
210507317;2205918468;2205918681;
210507317;2205918681;2205918851;
210507317;2205918851;2205918807;
210507317;2205918807;2205918495;
210507317;2205918495;2205918409;
210507317;2205918409;2206194705;
210541437;1684843635;2466943132;
210831460;2204099858;2208686207;
210831460;2208686207;4027091849;
210831460;4027091849;2208686220;
210831460;2208686220;3891282305;
210831460;3891282305;3130312347;
210851328;2208891134;1554874616;
210851328;1554874616;2208891049;
210851328;2208891049;2208891083;
210851328;2208891083;2208891198;
210851328;2208891198;2208891030;
210851328;2208891030;2208891162;
210851328;2208891162;2208891126;
210851328;2208891126;3392939433;
210851328;3392939433;2208891144;
210851328;2208891144;2208891067;
210851328;2208891067;2208891039;
210851328;2208891039;2208891038;
210851328;2208891038;2208891042;
210851328;2208891042;2208891057;
210851328;2208891057;1556436651;
210851328;1556436651;2208891025;
210851328;2208891025;2243071720;
210851328;2243071720;2208891059;
211119459;3457190272;4679272904;
211119459;4679272904;129558976;
211119460;2211241776;2211264997;
211119460;2211264997;2211264991;
211119460;2211264991;2211264998;
211119461;2211264999;2211265001;
211119461;2211265001;2211264995;
211119461;2211264995;2211264990;
211119461;2211264990;2211241776;
211122347;3387597049;2211299275;
211122347;2211299275;2211312992;
211122347;2211312992;2211312977;
211122347;2211312977;2211312952;
211122347;2211312952;2211312949;
211122347;2211312949;2211312946;
211122347;2211312946;2211312953;
211122347;2211312953;2211312968;
211292798;475552091;2213112135;
211292798;2213112135;2213112085;
211292798;2213112085;2213112121;
211292806;2213112078;3392711299;
211292806;3392711299;2213099864;
211292806;2213099864;2213112107;
211292806;2213112107;2213112099;
211297734;2213112121;2213131478;
211297734;2213131478;2213131477;
211297734;2213131477;2217981208;
211297734;2217981208;2213131476;
211297734;2213131476;2213131428;
211297734;2213131428;2213131564;
211297734;2213131564;2213131562;
211297734;2213131562;2213131558;
211297734;2213131558;2213131485;
211297734;2213131485;2213131616;
211297734;2213131616;2213131568;
211297734;2213131568;2213131556;
211297734;2213131556;2213131498;
211297734;2213131498;2213131570;
211297734;2213131570;2213131594;
211297734;2213131594;2213131596;
211297737;2213131485;2213131581;
211297737;2213131581;2213131503;
211297737;2213131503;2213131488;
211297737;2213131488;2213131527;
211297737;2213131527;2213131573;
211297737;2213131573;2213131471;
211297737;2213131471;2213131541;
211297737;2213131541;2213131500;
211297737;2213131500;2213131492;
211297737;2213131492;2213131522;
211297742;2213131522;2213131426;
211297742;2213131426;2213131518;
211297742;2213131518;2213131506;
211297742;2213131506;2213131483;
211297742;2213131483;2213131560;
211297742;2213131560;2213131481;
211297742;2213131481;2217981203;
211297742;2217981203;2213131520;
211297746;2213131478;2213131437;
211297746;2213131437;2213131611;
211297746;2213131611;2213131516;
211297746;2213131516;2213131480;
211297746;2213131480;2213131459;
211297746;2213131459;2213131472;
211297746;2213131472;2213131570;
211314340;2213321452;2213321423;
211314340;2213321423;475552096;
211314340;475552096;475551223;
211314340;475551223;1676191729;
211314340;1676191729;2213380771;
211314340;2213380771;2213380807;
211314340;2213380807;2213380800;
211314340;2213380800;2213380797;
211314340;2213380797;2213380816;
211314340;2213380816;2213380818;
211314340;2213380818;2213435143;
211314340;2213435143;2213435120;
211314340;2213435120;2213435196;
211314340;2213435196;2213435177;
211314340;2213435177;2213435167;
211314340;2213435167;2213435124;
211314340;2213435124;2213447626;
211317178;2213321463;2213321442;
211317178;2213321442;2213321487;
211317178;2213321487;2213321491;
211317178;2213321491;2213321403;
211317178;2213321403;2213321384;
211317178;2213321384;2213321455;
211317178;2213321455;475552096;
211317179;2213321463;2213321498;
211317181;2213321420;2213321443;
211317181;2213321443;2213321459;
211317181;2213321459;2213321456;
211317181;2213321456;2213321502;
211317181;2213321502;2213321452;
211317181;2213321452;2213321439;
211317181;2213321439;2213321512;
211317181;2213321512;2213321500;
211317181;2213321500;2213321514;
211317181;2213321514;2213321490;
211317181;2213321490;2213321493;
211317181;2213321493;2213321475;
211317181;2213321475;2213321473;
211317181;2213321473;2213321498;
211317181;2213321498;2213321440;
211317181;2213321440;2213321482;
211317181;2213321482;2213321488;
211317181;2213321488;2213321446;
211317181;2213321446;2213321447;
211317181;2213321447;2213321429;
211317181;2213321429;2213321419;
211317181;2213321419;2213321495;
211317181;2213321495;2213321484;
211317181;2213321484;2213321426;
211317181;2213321426;2213321409;
211317181;2213321409;2213321420;
211337863;2213482387;2213482419;
211337863;2213482419;2213482412;
211337863;2213482412;129557542;
211337875;2213482407;2213482461;
211337875;2213482461;2213482440;
211337875;2213482440;2213482432;
211337875;2213482432;2213482457;
211337875;2213482457;2213482408;
211337875;2213482408;2213482415;
211337879;2213482442;2213482393;
211337879;2213482393;2213482447;
211337879;2213482447;2213482466;
211337879;2213482466;2213482420;
211337879;2213482420;2213482433;
211337879;2213482433;2213482415;
211436103;2214522449;475548529;
211436103;475548529;3130312337;
211436103;3130312337;129557542;
211482370;1274830100;2214936721;
211482370;2214936721;4556236525;
211483668;2214936721;4556247648;
211641909;2216241578;138234198;
211641911;138231424;2216241588;
211641911;2216241588;4488753798;
211641911;4488753798;138231425;
211641911;138231425;4555727046;
211641911;4555727046;138231426;
211641911;138231426;1594849179;
211641911;1594849179;4488753800;
211641911;4488753800;138231427;
211641911;138231427;4488753801;
211641911;4488753801;2216241578;
211656637;1594804691;2216360288;
211656637;2216360288;2216360348;
211656637;2216360348;2216360352;
211656637;2216360352;2216360356;
211656637;2216360356;2216360290;
211656637;2216360290;2216360346;
211656637;2216360346;2216360287;
211656637;2216360287;2216360357;
211656637;2216360357;2216360342;
211656637;2216360342;138234001;
211656637;138234001;2216360362;
211737444;1670512103;2217013297;
211737444;2217013297;2217013304;
211737444;2217013304;2217013344;
211737444;2217013344;2217013324;
211737444;2217013324;2217013378;
211737444;2217013378;2217013347;
211737444;2217013347;2216473539;
211898766;137888646;2218334752;
211898766;2218334752;2218334795;
211898766;2218334795;2218334768;
211898766;2218334768;2218334802;
211898766;2218334802;2218334767;
211898766;2218334767;2218334780;
211898766;2218334780;2218334781;
211898766;2218334781;2218334786;
211898766;2218334786;2218334761;
211898766;2218334761;2218334757;
211898766;2218334757;2218334793;
211898766;2218334793;2218334760;
211898766;2218334760;2218334801;
211898766;2218334801;2218430262;
211898766;2218430262;4621517983;
211898766;4621517983;2218430233;
211898766;2218430233;2218430241;
211898766;2218430241;2218430250;
211898766;2218430250;2218430249;
211898766;2218430249;2218430251;
211898766;2218430251;2218430236;
211898766;2218430236;2218430261;
211898766;2218430261;2218430228;
211898766;2218430228;2218430244;
211898766;2218430244;2218430231;
211898766;2218430231;2218430259;
211898766;2218430259;2218430260;
211898766;2218430260;2218430257;
211898766;2218430257;2218430248;
211898766;2218430248;4621710596;
211898766;4621710596;2325018408;
211898766;2325018408;2325018404;
211898766;2325018404;2325018389;
211898767;2218430236;2218430235;
211898767;2218430235;2218334762;
211898767;2218334762;4621710597;
211898767;4621710597;2218334789;
211898767;2218334789;2325018391;
211898767;2325018391;2325018426;
211898768;2218430250;4621518010;
211898768;4621518010;2218430254;
211898768;2218430254;4621710601;
211898768;4621710601;2325018406;
211898768;2325018406;4621518009;
211898768;4621518009;2325018399;
211898769;2218430228;2218430253;
211898769;2218430253;2218334798;
211898769;2218334798;4621710603;
211898769;4621710603;2325018385;
211898769;2325018385;2325018414;
211898769;2325018414;2325018383;
211898772;2218430261;2218430245;
211898772;2218430245;2218334784;
211898772;2218334784;4621710600;
211898772;4621710600;2218334797;
211898772;2218334797;2325018402;
211898772;2325018402;2325018412;
211898772;2325018412;2325018379;
211898774;2218430251;2218430243;
211898774;2218430243;2218334791;
211898774;2218334791;4621710604;
211898774;4621710604;2218334800;
211898774;2218334800;2325018393;
211898774;2325018393;2325018418;
211898774;2325018418;2325018422;
211905477;2218389456;4621618625;
211905477;4621618625;2218389428;
211911544;2218430244;2218430227;
211911544;2218430227;2218430225;
211911544;2218430225;4621710602;
211911544;4621710602;2325018388;
211911544;2325018388;2325018381;
211911544;2325018381;2325018420;
211924702;2218529670;2218529709;
211924702;2218529709;2218529674;
211924702;2218529674;2218529667;
211924702;2218529667;2218529700;
211924702;2218529700;2218529677;
211924702;2218529677;2218529668;
211924702;2218529668;2218529692;
211924702;2218529692;2218529690;
211924702;2218529690;2218529687;
215135703;2245520803;2245520905;
215135703;2245520905;2245520831;
215135703;2245520831;2245520886;
215135703;2245520886;4526972109;
215135703;4526972109;2245520859;
215135703;2245520859;2245520867;
215135703;2245520867;2245520840;
215135703;2245520840;2245520814;
215162241;2245786941;2245786939;
215162241;2245786939;2245786936;
215162241;2245786936;2245786950;
215162241;2245786950;4526972112;
215162241;4526972112;2245786960;
215162241;2245786960;2245786961;
215162241;2245786961;2245786929;
215162241;2245786929;2245786927;
215162243;25620747;4526972116;
215162243;4526972116;25620743;
215194131;2246222549;138220134;
215194131;138220134;25620948;
215200349;1386051849;2246086926;
215200349;2246086926;1386051845;
215200349;1386051845;1386051854;
215200352;2246086928;2246086899;
215200352;2246086899;2246086901;
215200352;2246086901;2246086889;
215200352;2246086889;2246086874;
215200352;2246086874;2246086879;
215200352;2246086879;3387597850;
215200352;3387597850;2681416140;
215200352;2681416140;2246086926;
215210562;138220017;138220019;
215210562;138220019;2246296620;
215210562;2246296620;2246296624;
215210562;2246296624;2246296603;
215210562;2246296603;2247054940;
215210562;2247054940;2378947607;
215210562;2378947607;2378947603;
215210562;2378947603;2246296607;
215301975;2246296620;2247054927;
215301975;2247054927;2247054936;
215301975;2247054936;2247054939;
215301975;2247054939;2247054916;
215301975;2247054916;2247054908;
215301975;2247054908;2247054917;
215301975;2247054917;2247054948;
215301975;2247054948;2247054920;
215301975;2247054920;2247054921;
215301975;2247054921;2247054918;
215301977;2247054918;2246296607;
215301977;2246296607;2247054932;
215301977;2247054932;2247054907;
215301977;2247054907;1684844412;
215301978;2247054935;2247054926;
215301978;2247054926;3387597822;
215301978;3387597822;2247054933;
215301978;2247054933;2247054949;
215301978;2247054949;2247054947;
215301978;2247054947;2247054911;
215301978;2247054911;2247054928;
215301978;2247054928;2247054929;
215301979;129557542;2247054930;
215301979;2247054930;2247054943;
215301979;2247054943;2247054934;
215309515;2247157848;2247157718;
215331280;2247371503;4526972160;
215331280;4526972160;2247375562;
215331280;2247375562;2247375568;
215331280;2247375568;2247375569;
215331280;2247375569;2247375546;
215331281;137831895;2247375557;
215331281;2247375557;2247371573;
215331281;2247371573;2247375538;
215331282;1234709025;3392711328;
215331282;3392711328;2247375543;
215331282;2247375543;2247375554;
215331282;2247375554;2247375536;
215331282;2247375536;2247375564;
215331285;2247375546;2247375571;
215331285;2247375571;2247375558;
215331285;2247375558;2247375555;
215331285;2247375555;137831896;
216159806;2255075997;2255087247;
216159806;2255087247;2255087256;
216159806;2255087256;4529953572;
216159806;4529953572;2255087253;
216159806;2255087253;2255087244;
216159806;2255087244;2255087258;
216159806;2255087258;1788784965;
216159806;1788784965;2382520663;
216159806;2382520663;2382520644;
216159806;2382520644;2382520647;
216159806;2382520647;314549177;
216269247;2205627539;2256214800;
216269247;2256214800;2256214779;
216269247;2256214779;2256217209;
216269248;2205504451;2256214804;
216269248;2256214804;2256214792;
216269248;2256214792;2256214818;
216269248;2256214818;2256214824;
216269248;2256214824;2256214798;
216269248;2256214798;2256214795;
216269248;2256214795;2256214811;
216269248;2256214811;2256214807;
216269248;2256214807;2256214820;
216269248;2256214820;2256214788;
216269248;2256214788;2256214785;
216269248;2256214785;2205627342;
216274195;2207402779;2256269812;
216274195;2256269812;2256269855;
216274195;2256269855;3392710674;
216274195;3392710674;2256269823;
216891254;137868887;3387597794;
216891254;3387597794;3688773918;
216891254;3688773918;3688773917;
216891254;3688773917;3387597070;
216891254;3387597070;3387597061;
216891254;3387597061;2211264999;
216891254;2211264999;129559334;
216891255;2209225443;2326546548;
216891255;2326546548;2208969603;
216891255;2208969603;137873037;
216969809;1684844412;285944429;
216969809;285944429;2247371499;
216969809;2247371499;1684844430;
216969809;1684844430;2247371503;
216969809;2247371503;4526972161;
216969809;4526972161;2247375545;
216969809;2247375545;2247371502;
216969809;2247371502;1684844424;
216969809;1684844424;137831896;
216972581;286969224;2245786953;
216972581;2245786953;2245786974;
216972581;2245786974;3130311626;
216972581;3130311626;25620743;
216972581;25620743;2245786941;
216972581;2245786941;3130312343;
216972581;3130312343;2245520814;
216972801;2245520814;2245520901;
216972801;2245520901;3554720424;
216972801;3554720424;2245520806;
216972801;2245520806;3554720425;
216972801;3554720425;3400530627;
216972801;3400530627;2245520808;
216972801;2245520808;3554720428;
216972801;3554720428;2245520803;
217344337;129559334;2211264998;
217344337;2211264998;2356350474;
217344337;2356350474;4529130488;
217344337;4529130488;285910556;
217344337;285910556;4529131591;
217344337;4529131591;111481561;
217344337;111481561;3392710685;
217344337;3392710685;111481563;
217344337;111481563;2206589844;
217344337;2206589844;4527005384;
217344337;4527005384;4199223989;
220232893;138234852;4526972121;
220232893;4526972121;286968787;
220232893;286968787;2204099947;
220232893;2204099947;475410511;
220883185;2299624498;2299624492;
220883185;2299624492;2299624499;
220883185;2299624499;2299622405;
220883185;2299622405;2299622359;
220883185;2299622359;2299622371;
221013310;138239471;2300816490;
221013310;2300816490;4610770358;
221013310;4610770358;2300816483;
221029569;4608380289;2300801372;
221029569;2300801372;2300801406;
221030659;4608887045;2300816485;
221030659;2300816485;4608887036;
221030659;4608887036;4608872457;
221030659;4608872457;4608872425;
221030659;4608872425;4608841798;
221030659;4608841798;2300816488;
221031457;4608887034;4608887045;
221031462;2300816490;4608887034;
221039825;2202026008;2300801385;
221039825;2300801385;2202026007;
221039825;2202026007;4488753789;
221039825;4488753789;4488753790;
221039825;4488753790;1548166045;
221039825;1548166045;2202026010;
221039825;2202026010;2273996084;
221039825;2273996084;4562500434;
221039825;4562500434;2300973797;
221039825;2300973797;2300973758;
221039825;2300973758;2300973768;
221039825;2300973768;4608414352;
221039825;4608414352;2300973756;
221056168;4608623070;4608623069;
221056168;4608623069;2301095522;
221056168;2301095522;2301095524;
221056168;2301095524;2301095515;
221684836;2307219723;3705812404;
221684836;3705812404;2307219739;
221684836;2307219739;2307219725;
221684836;2307219725;2307219724;
221684836;2307219724;2307219728;
221684836;2307219728;2307219742;
221684836;2307219742;2307219720;
221684839;2307219747;2307219740;
221684839;2307219740;2307219729;
221684839;2307219729;2307219734;
221684839;2307219734;2307219718;
221684839;2307219718;2307219743;
221684839;2307219743;2307219720;
221687617;2307242237;2307242183;
221687617;2307242183;2307242186;
221687617;2307242186;2307242217;
221905592;2308862124;4529953504;
221905592;4529953504;2308862129;
221905592;2308862129;3392939434;
221905592;3392939434;3387931893;
221905592;3387931893;2308862131;
221905592;2308862131;137959671;
223053869;2927055788;2927055789;
223053869;2927055789;1390263750;
223053869;1390263750;1390263758;
223053869;1390263758;2927055780;
223053869;2927055780;2208650607;
223053869;2208650607;2927055777;
223053869;2927055777;2927055770;
223053869;2927055770;4025482697;
223053869;4025482697;2208650606;
223053869;2208650606;1390263755;
223053869;1390263755;4097873925;
223372788;2322744397;2322744390;
223372788;2322744390;2322744388;
223372788;2322744388;2322744393;
223372789;2322744417;2322744381;
223372791;2322744381;3392939443;
223372791;3392939443;2322744401;
223372794;2322744404;2322744417;
223372796;2322744393;2322744404;
223780992;2326546548;3891282119;
223780992;3891282119;3891282121;
223780992;3891282121;2326546549;
224749647;475410118;475410511;
224854242;2337036559;2337036563;
224854242;2337036563;3392939437;
224854242;3392939437;2337036560;
226429775;2352569158;2352569132;
226429775;2352569132;2352569156;
226429775;2352569156;2352569141;
226429998;2352571062;2352571061;
226429998;2352571061;2352571059;
226429998;2352571059;2352571058;
226432346;2352603833;2352603831;
226444484;4488753790;4562503061;
226444484;4562503061;4562371748;
226444484;4562371748;4562371747;
226444484;4562371747;2927270697;
226444484;2927270697;2273996137;
226444484;2273996137;2273996086;
226444484;2273996086;2273996052;
226444484;2273996052;4562445223;
226444484;4562445223;4562445193;
226452170;2211383251;2211383286;
226452170;2211383286;475549048;
226624856;475408774;3130312338;
226908041;111481288;2356335584;
226908041;2356335584;2356335539;
226908041;2356335539;2356335549;
226908041;2356335549;2356335592;
226908041;2356335592;2080756633;
226908049;2080756633;2356335602;
226908049;2356335602;2356335559;
226908049;2356335559;2356335529;
226908049;2356335529;2356335615;
226908049;2356335615;111481288;
226909939;2356350502;2356350470;
226909939;2356350470;2356350494;
226909939;2356350494;4529130480;
226909939;4529130480;2356350497;
226909939;2356350497;2356350454;
226909939;2356350454;2356350457;
226909939;2356350457;2356350474;
226912646;2356376621;2356376611;
226912646;2356376611;2207399542;
226921792;111481848;2356465228;
226921792;2356465228;4529131595;
226921792;4529131595;2356505225;
226921792;2356505225;2356505218;
226921792;2356505218;2356505224;
226921792;2356505224;2356505222;
226921792;2356505222;4529131612;
226921792;4529131612;286969970;
226921951;2356505222;3392710691;
226921951;3392710691;2356465234;
226921951;2356465234;2356505220;
226921951;2356505220;2356505223;
226921951;2356505223;2356505221;
226921951;2356505221;2356505217;
226921951;2356505217;2356465227;
226921951;2356465227;3392710690;
226921951;3392710690;2356505224;
226921952;2356505218;3392711297;
226921952;3392711297;2356503866;
226921952;2356503866;2356505219;
226921952;2356505219;2356505216;
226921952;2356505216;2356503904;
226921952;2356503904;3392711295;
226921952;3392711295;2356505225;
227888628;1684844785;2365195087;
227888628;2365195087;2365195102;
227888628;2365195102;2365195081;
227888631;25632422;3130312338;
227888631;3130312338;3130312345;
227888631;3130312345;1278184344;
227888631;1278184344;1278184346;
227980132;2366079039;2366079032;
227980132;2366079032;2366079049;
227980132;2366079049;2366079047;
227980132;2366079047;1684844771;
227991568;2366154016;2366154008;
227991568;2366154008;2366154010;
227991568;2366154010;2366154017;
227991568;2366154017;2366154009;
227991568;2366154009;2366154037;
228894146;3696366141;3696366137;
228894146;3696366137;3696366132;
228894146;3696366132;3696366136;
228894146;3696366136;2375516005;
228894146;2375516005;2375516006;
228894146;2375516006;2375515995;
228894146;2375515995;2375516010;
228894146;2375516010;3696366131;
228894146;3696366131;3696366139;
228894146;3696366139;3696366140;
228894146;3696366140;3696366135;
228894146;3696366135;3696366134;
228894146;3696366134;3696366133;
228894146;3696366133;3696366138;
228926086;2375804624;3392939450;
228926086;3392939450;2375767340;
228926086;2375767340;2375767348;
228926086;2375767348;3696295126;
228926087;3387597853;2375767339;
228926087;2375767339;3392939464;
228926087;3392939464;2926953947;
228926088;2926953948;3392939465;
228926088;3392939465;2375767346;
228926088;2375767346;2375767345;
228926091;2375767348;2375767350;
228926091;2375767350;2375767343;
229278901;345296686;3392711336;
229278901;3392711336;3392711335;
229278901;3392711335;2379012473;
229319074;2892143783;2892143782;
229319074;2892143782;2892143784;
229784702;2383318867;2383318850;
229784702;2383318850;2383318889;
229784702;2383318889;2383318843;
229784702;2383318843;2247375538;
229784704;3392711339;3392711338;
229784704;3392711338;2383270253;
229784704;2383270253;2383318859;
229784704;2383318859;2383318887;
229784704;2383318887;2383318851;
229784705;2383318859;2383318878;
229784705;2383318878;2383318876;
229784705;2383318876;2383318862;
229784705;2383318862;2383318844;
229784705;2383318844;2383318891;
229784705;2383318891;2383318852;
229784705;2383318852;2383318854;
229784705;2383318854;2383318904;
229784705;2383318904;2383318866;
229784705;2383318866;2383318888;
229784705;2383318888;2383318865;
229784705;2383318865;2383318870;
229784705;2383318870;2383270247;
229784709;2383318855;2383318861;
229784709;2383318861;2383318871;
229784709;2383318871;2383270261;
229784709;2383270261;2383318877;
229784709;2383318877;2383318853;
229784709;2383318853;2383318868;
229784709;2383318868;2383318900;
229784709;2383318900;2383318877;
229784712;2383318863;2383318892;
229784713;2383318892;2383318855;
229784714;2383318861;2383318857;
229784714;2383318857;2383318858;
229784714;2383318858;2383318873;
229784714;2383318873;2383318856;
229784714;2383318856;2383318885;
229784714;2383318885;2383318869;
229784714;2383318869;2383318893;
229784714;2383318893;2383318847;
229784714;2383318847;2383318871;
229784715;2383318850;2383318899;
229784715;2383318899;2383318874;
229784715;2383318874;2383318884;
229784716;2383318867;2383318863;
229802211;2383470264;2383470194;
229802211;2383470194;2383414313;
229816562;1684844512;2383603967;
229816562;2383603967;2383470264;
229817535;2247371499;2383617372;
229817535;2383617372;2383617349;
229817535;2383617349;2383617391;
229817535;2383617391;2383617325;
229817535;2383617325;2383617407;
229818921;2383414313;2383414370;
229818921;2383414370;25632368;
233006425;343646801;2413524264;
233006425;2413524264;2413524266;
233006425;2413524266;455341191;
233006425;455341191;2413467921;
233006425;2413467921;3392711339;
233006425;3392711339;2413524265;
233006425;2413524265;2109261123;
233006425;2109261123;137831884;
233007929;2413467921;2413467925;
233007929;2413467925;2413467923;
238829172;2466286885;2466286896;
238829172;2466286896;2466286907;
238829172;2466286907;2466286889;
238829172;2466286889;2466286909;
238829172;2466286909;2466286888;
238829172;2466286888;2466286902;
238829173;2466286913;2466286911;
238829173;2466286911;2466286893;
238829173;2466286893;2466286912;
238829173;2466286912;2466286889;
238829173;2466286889;2466286886;
238829173;2466286886;2466286891;
238831062;1143318426;2352661451;
238831062;2352661451;2466286908;
238831062;2466286908;2466286887;
238831062;2466286887;2466286900;
238831062;2466286900;2466286895;
238831062;2466286895;2466286913;
238831761;2204446901;2204446946;
238872916;112686789;2204446914;
238872916;2204446914;2204446899;
238872916;2204446899;2204446988;
238872916;2204446988;1277601207;
238872916;1277601207;1771990365;
238872916;1771990365;112686794;
238872916;112686794;1274830098;
238872916;1274830098;2216386471;
238872916;2216386471;4559387635;
238872916;4559387635;112688566;
238872916;112688566;4559387634;
238872916;4559387634;1548165842;
238872916;1548165842;2276132334;
238872916;2276132334;112688570;
238872916;112688570;112688573;
238873106;2466702735;2466702734;
238873106;2466702734;2466957785;
238873106;2466957785;2466957786;
238873106;2466957786;2204210266;
238912242;4558789393;4558789392;
238912242;4558789392;2467211956;
238912242;2467211956;2467211949;
238912242;2467211949;2467211937;
238912242;2467211937;2467211943;
238912242;2467211943;2467211972;
238912242;2467211972;2467211966;
238912242;2467211966;2467211960;
238912242;2467211960;2467211962;
238912242;2467211962;2927183102;
239593895;475410511;3392939455;
239593895;3392939455;4529953489;
239593895;4529953489;2352603829;
239593896;475410118;3690910082;
239593896;3690910082;3891282347;
239593897;2473711658;475410118;
240124257;2478887464;2478887470;
240124257;2478887470;2478887514;
240124257;2478887514;2478887501;
240124257;2478887501;2478887473;
240124257;2478887473;2478887493;
240124257;2478887493;2478887507;
240124257;2478887507;2478887466;
240124257;2478887466;2478887503;
240124257;2478887503;2478887477;
240124257;2478887477;2478887499;
240124257;2478887499;2478887495;
240124257;2478887495;2478887527;
240124257;2478887527;2478887460;
240124257;2478887460;2478887516;
240124257;2478887516;2478887522;
240124257;2478887522;2478887475;
240124257;2478887475;2478887526;
240124257;2478887526;2478887468;
240124257;2478887468;2478887491;
240124257;2478887491;2478887528;
240124257;2478887528;2478887524;
240124257;2478887524;2478887529;
240124257;2478887529;2478887488;
240124257;2478887488;2478887479;
240124257;2478887479;2478887531;
240124257;2478887531;2478887511;
240124257;2478887511;2478887512;
240124257;2478887512;2478887484;
240124257;2478887484;2478887480;
240124257;2478887480;2478887490;
240124257;2478887490;2478887482;
240124257;2478887482;2478887486;
240124257;2478887486;2478887509;
240124257;2478887509;2478887530;
240124257;2478887530;2478887464;
252253611;112688573;112688575;
252253611;112688575;112688576;
252253611;112688576;2276132366;
252253611;2276132366;112688578;
252253611;112688578;3385332310;
252253611;3385332310;112688580;
252253611;112688580;3385332308;
252253611;3385332308;3385332307;
252253611;3385332307;112688582;
252253611;112688582;1594598179;
252253611;1594598179;112688584;
252253611;112688584;4473717336;
252253611;4473717336;112688585;
252253611;112688585;4473717337;
252253611;4473717337;112688587;
252253611;112688587;112688591;
252253611;112688591;112688598;
252253611;112688598;4473717335;
252253611;4473717335;112688599;
252253611;112688599;112688601;
252253611;112688601;112688602;
252253611;112688602;1594598178;
252253611;1594598178;112688604;
252253611;112688604;2583491095;
252253611;2583491095;112688606;
252253611;112688606;2583474745;
252253611;2583474745;1594598169;
252253611;1594598169;1594598181;
252253611;1594598181;1594598177;
252253611;1594598177;112688608;
252253611;112688608;4473717334;
252253611;4473717334;112688610;
252253611;112688610;4473717333;
252253611;4473717333;112688611;
252253611;112688611;4473717332;
252253611;4473717332;112688612;
252253611;112688612;1594598182;
252253611;1594598182;112688614;
252253611;112688614;112688615;
252253611;112688615;4473717331;
252253611;4473717331;112688617;
252253611;112688617;112688618;
252253611;112688618;112688620;
252253611;112688620;112688621;
252253611;112688621;4473717330;
252253611;4473717330;2679194020;
252253611;2679194020;112688622;
252253611;112688622;112688625;
252253611;112688625;2447751426;
252526951;25632411;3690516791;
252526951;3690516791;25632412;
252526951;25632412;3697722647;
252526951;3697722647;3698158383;
252526951;3698158383;3698101866;
252526951;3698101866;4529953494;
252526951;4529953494;129553875;
252526951;129553875;4529953499;
252526951;4529953499;2352571062;
252526951;2352571062;2352569141;
252526951;2352569141;4529953529;
252526951;4529953529;129554083;
252527749;2307219741;3705812405;
252527749;3705812405;3705812406;
252527749;3705812406;2307219726;
252527749;2307219726;3705812403;
252527749;3705812403;2301107045;
252527889;2301107045;2301107048;
252527889;2301107048;2300962524;
252527889;2300962524;4488753688;
252527889;4488753688;2300891367;
252527889;2300891367;2300816485;
252527890;2300891367;2300817701;
252527890;2300817701;2585565426;
252527890;2585565426;2300817703;
252527890;2300817703;2300828592;
252527890;2300828592;2681639971;
252527890;2681639971;2300816488;
252527890;2300816488;2300853343;
252527890;2300853343;2300816486;
252527890;2300816486;2300816483;
258853579;137831895;2086432785;
258853579;2086432785;137831894;
258853579;137831894;2383626829;
258853579;2383626829;2247375538;
258853580;2247375538;2383318884;
258853580;2383318884;2247240235;
258853580;2247240235;2247375564;
258853580;2247375564;3098121112;
258853580;3098121112;1554886175;
259888928;2641682879;2273292142;
259888928;2273292142;2250794620;
259888928;2250794620;2273292282;
259888928;2273292282;3098121116;
259888928;3098121116;128680158;
274467054;25632424;4356494320;
274467054;4356494320;3688675380;
274467054;3688675380;3688675387;
274467054;3688675387;3688675383;
274467054;3688675383;3688675382;
274467054;3688675382;4356494333;
274467054;4356494333;25632433;
275860210;4027068570;2926979404;
275860210;2926979404;2204179952;
289161877;4556361546;1881170119;
289161877;1881170119;1881170124;
289161877;1881170124;1881170115;
289161877;1881170115;4556361545;
289161877;4556361545;1881170117;
289161877;1881170117;2216473539;
289161877;2216473539;138233991;
289165980;4621547671;4621536289;
289165980;4621536289;4621536294;
289165980;4621536294;4621547670;
304682487;25620960;2681412868;
304682487;2681412868;3130312346;
304682487;3130312346;2209225441;
304682487;2209225441;2209225431;
304682487;2209225431;2209225425;
304682487;2209225425;3457211714;
304682487;3457211714;2209225443;
304684297;3092601790;3092601796;
304684297;3092601796;2208159169;
304684297;2208159169;3554720399;
304684297;3554720399;137868887;
304684301;2204210205;2927035113;
304684301;2927035113;2204210219;
304684301;2204210219;2204210232;
304684301;2204210232;3387597799;
304684301;3387597799;2204210240;
304684301;2204210240;2927035109;
304684301;2927035109;2927035124;
304684301;2927035124;2927034198;
304684301;2927034198;1390263661;
304684301;1390263661;2927035103;
304684301;2927035103;1390263667;
304684301;1390263667;2927035131;
304684301;2927035131;2927035102;
304684301;2927035102;2927035105;
304684301;2927035105;2204210203;
304684301;2204210203;1390263688;
304684301;1390263688;1390263696;
304684301;1390263696;1390263703;
304684302;3554720418;2399723033;
304684302;2399723033;3891282147;
304684302;3891282147;3554720402;
304684302;3554720402;3554720401;
304684302;3554720401;2319991800;
304684302;2319991800;2319991795;
304684788;3092618005;3092618006;
304684788;3092618006;2337036563;
307804459;3130312347;3092601795;
307804459;3092601795;2208686214;
307804459;2208686214;2208686218;
307804459;2208686218;4025528392;
307804459;4025528392;4025528394;
307804459;4025528394;4025528390;
307804459;4025528390;4025528395;
307804459;4025528395;2204100011;
307804460;3130312337;2213482396;
307804460;2213482396;2213482478;
307804460;2213482478;2213482387;
307804461;3130312347;3554720417;
307804461;3554720417;3554720408;
307804461;3554720408;3130311623;
307804461;3130311623;129559333;
331655265;3387597068;3387597065;
331655265;3387597065;3387597064;
331655265;3387597064;3387597062;
331655265;3387597062;3387597072;
331655265;3387597072;3387597074;
331655265;3387597074;3387597076;
331655265;3387597076;3387597091;
331694596;3387925269;2300768431;
332760655;2206231090;3398946421;
332760655;3398946421;3398946420;
332760655;3398946420;3398946418;
332760655;3398946418;2206231089;
337165204;25620737;3442647352;
337165204;3442647352;3442647353;
349620089;3092601790;129559333;
349620090;138230335;3397147923;
349620090;3397147923;2206233230;
349620090;2206233230;2356731134;
349620090;2356731134;3092601790;
349620091;137873037;137868887;
349620093;3554720417;3554720413;
349620093;3554720413;3554720411;
349620093;3554720411;3554720408;
349620094;3554720418;3554720414;
349620094;3554720414;3554720409;
349620094;3554720409;3554720402;
349620095;3554720428;3554720429;
349620095;3554720429;2245528106;
349620095;2245528106;2245528137;
349620095;2245528137;3554720437;
349620095;3554720437;3554720440;
349620097;3554720444;3554720445;
349620097;3554720445;3554720447;
349620097;3554720447;2107054816;
349620097;2107054816;3554720449;
349620097;3554720449;3554720448;
349620097;3554720448;3554720446;
350915450;138252374;4492375365;
350915450;4492375365;25632521;
350915450;25632521;25632466;
350915450;25632466;4751728019;
350915450;4751728019;2053571360;
350915450;2053571360;25632429;
350915450;25632429;3563651998;
350915450;3563651998;126647309;
350915450;126647309;4720971819;
350915450;4720971819;4720971829;
350915450;4720971829;126646458;
350915450;126646458;129555296;
364828782;3688675382;3688675381;
365044226;3690885656;2335416031;
365044226;2335416031;3690885655;
365044226;3690885655;3690885657;
365044226;3690885657;3690885658;
365044424;3690887009;2473711658;
365047874;3690910080;3690910082;
365423939;2352603831;3392939456;
365423939;3392939456;3392939455;
365792754;3698039526;3698039525;
365792757;3698039529;3698039526;
365792759;3698039525;3698039528;
365798962;3698101866;3698101868;
365798963;3698101868;3698101867;
365803921;3698157315;3698157313;
365803922;3698157313;3698157316;
365803923;3698157314;3698157315;
365804362;3698158381;3698158386;
365804363;3698158385;3698158383;
365804364;3698158386;3698158385;
366594499;2307219723;137896691;
366594499;137896691;137896693;
366594500;2307219747;4751755896;
366594500;4751755896;2307219741;
366594500;2307219741;2307219738;
366594500;2307219738;4751755895;
366594500;4751755895;2307219730;
366594500;2307219730;2307219723;
366594501;2307219723;3705812400;
366594501;3705812400;3705812401;
366594501;3705812401;3705812402;
366594501;3705812402;3705812403;
374346167;2256217209;2256217208;
374346167;2256217208;2466263948;
374346167;2466263948;476019077;
374346168;2211241776;3392711302;
374346168;3392711302;2211241852;
374346168;2211241852;3457190272;
374346169;2383414260;2383603996;
374346169;2383603996;1684844512;
374346170;1684844512;2383414272;
374346170;2383414272;2383414277;
374346170;2383414277;2383414305;
374346170;2383414305;2383414229;
374346170;2383414229;2383414313;
374346173;138223440;138222054;
385795770;1278184350;3891282355;
385795770;3891282355;129553665;
385795791;3092601795;2319991804;
385795791;2319991804;3554720418;
394998026;4097873947;1277364250;
394998026;1277364250;2245353947;
394998026;2245353947;3993117787;
394998026;3993117787;3993117789;
394998026;3993117789;3993117788;
396485358;3992982896;3992982895;
400077009;2204179799;138230330;
400077009;138230330;2926981534;
400077009;2926981534;2926981543;
400077009;2926981543;1684889107;
400077009;1684889107;2352628868;
400077009;2352628868;138233064;
407752150;4097873919;4097873918;
407752152;4097873936;4097873935;
407752155;4097873917;4097873915;
407752155;4097873915;4097873916;
407752157;2337036560;4097873944;
407752157;4097873944;4097873954;
407752157;4097873954;1684844554;
419935503;4199223989;2207418929;
419935503;2207418929;4529131604;
419935503;4529131604;2207418923;
419935503;2207418923;2207418932;
419935504;4199180593;4199223989;
420021609;4199180593;2080756633;
420021610;2207418932;4529131605;
420021610;4529131605;4199180593;
434857293;4327756510;2247054918;
434872534;2245520803;3554720440;
434872534;3554720440;3130312339;
434872534;3130312339;2245786927;
434872534;2245786927;3130312331;
434872534;3130312331;25620747;
434872534;25620747;2245786951;
434872534;2245786951;2343359244;
434872534;2343359244;2343359235;
434872534;2343359235;2245786942;
434872534;2245786942;25632422;
434879921;2352603829;4529952483;
434879921;4529952483;4529953492;
434879921;4529953492;1278184350;
434879926;2352603829;2367470972;
434879926;2367470972;4356494331;
434879926;4356494331;2204099938;
448195870;137961403;4464111623;
448195870;4464111623;138238299;
448195871;4452315907;4452315908;
448850568;3554720425;2204099858;
448850570;2208686217;2204100011;
448850570;2204100011;3992990334;
448850570;3992990334;1684844136;
448850570;1684844136;4097873927;
448850570;4097873927;3554720432;
448850570;3554720432;4097873929;
448850570;4097873929;3993117788;
448850570;3993117788;2204099951;
448850570;2204099951;2204099942;
448850570;2204099942;3992982895;
448850570;3992982895;2204099999;
448850570;2204099999;2243746973;
448850570;2243746973;2243746975;
448850570;2243746975;2243746971;
448850570;2243746971;3993126557;
448850570;3993126557;3092618005;
448850570;3092618005;138234852;
452075654;668955253;2006399741;
452075654;2006399741;137903870;
452075654;137903870;2307249887;
452075654;2307249887;137903872;
452075654;137903872;137903874;
452075654;137903874;2307244307;
452075654;2307244307;2307244300;
452075654;2307244300;1788785130;
452075654;1788785130;2202026085;
452075654;2202026085;1788785120;
452075654;1788785120;1788785116;
452075654;1788785116;137955522;
459407453;2466304500;2204446950;
459407453;2204446950;2466304503;
459407453;2466304503;3392711314;
459407453;3392711314;3392711311;
459407453;3392711311;2466304482;
459407453;2466304482;2204446881;
459407453;2204446881;2204446901;
459429239;3392711313;4552809433;
459429239;4552809433;4552809432;
459429239;4552809432;1143318426;
459661048;2206231088;4554573330;
459661048;4554573330;4554573331;
459661048;4554573331;4554573329;
459661048;4554573329;4554573331;
459661048;4554573331;4554573332;
459661048;4554573332;2206231097;
459891173;1274830098;4556158605;
459891173;4556158605;4556158591;
459891173;4556158591;4556158596;
459891173;4556158596;4556158600;
459891173;4556158600;4556158593;
459891173;4556158593;2216386471;
459895302;2467211958;2467211964;
459895302;2467211964;1274830123;
459895303;2467211958;2467211939;
459895303;2467211939;4556191465;
459895303;4556191465;2467211944;
459895303;2467211944;2927183102;
459895304;2927183102;4556191466;
459895304;4556191466;4556191463;
459895304;4556191463;4556191461;
459895304;4556191461;2467211958;
460206500;138231423;138233993;
460206500;138233993;2927167312;
460206500;2927167312;2927167311;
460206500;2927167311;1670512103;
460206500;1670512103;2135998880;
460233181;4559094988;4559094998;
460233181;4559094998;4559094992;
460233181;4559094992;4559094989;
460234698;4559198590;4559209387;
460234698;4559209387;4559197787;
460234698;4559197787;2216334119;
460234698;2216334119;4559141811;
460234698;4559141811;4559141823;
460234698;4559141823;4559141799;
460234698;4559141799;4559141808;
460234698;4559141808;4559115457;
460234698;4559115457;4559115459;
460243039;4559198603;2216334119;
460243046;4559204998;4559205022;
460243046;4559205022;4559205013;
460243048;4559205002;4559213892;
460243048;4559213892;4559204991;
460243612;4559213892;4559209381;
460251867;2216334178;4559289602;
460257688;4559346920;4559346928;
460257688;4559346928;4559346916;
460257688;4559346916;4559346917;
460260902;4559380164;4559380170;
460590743;1788784916;4562184898;
460594249;1548165850;4562226812;
460594257;4562170441;4562170471;
460594257;4562170471;4562170431;
460594257;4562170431;4562170474;
460594257;4562170474;4562170472;
460594257;4562170472;4562170440;
460594258;4562184907;4562170438;
460594258;4562170438;4562184901;
460594258;4562184901;4562184902;
460594258;4562184902;4562184909;
460595004;4562170460;4562170441;
460595004;4562170441;4562170468;
460595004;4562170468;4562170478;
460621918;2274195253;4562445192;
460621919;4562420233;4562445195;
460621920;4562445223;4562445207;
460621920;4562445207;4562445205;
460621920;4562445205;4562445192;
460621920;4562445192;4562445196;
460621920;4562445196;4562445190;
460621920;4562445190;4562445226;
460621920;4562445226;4562445217;
460621921;4562445222;4562445209;
460621921;4562445209;4562445215;
460621921;4562445215;4562445195;
460621921;4562445195;4562445234;
460621921;4562445234;4562445235;
460621921;4562445235;4562445193;
460621922;4562445215;4562420196;
460621923;2274195274;4562445205;
460621924;4562445200;4562495774;
460621925;4562445217;4562443687;
460621925;4562443687;4562445211;
460621925;4562445211;4562445216;
460621925;4562445216;4562445206;
460621925;4562445206;4562445194;
460621925;4562445194;4562445222;
460621926;4562445196;2274195145;
460621927;4562445235;4562445189;
460621927;4562445189;4562445231;
460621927;4562445231;4562443686;
460621927;4562443686;4562445220;
460621927;4562445220;4562445200;
460621927;4562445200;4562445229;
460621927;4562445229;4562445227;
460621927;4562445227;4562445218;
460621927;4562445218;4562445232;
460621927;4562445232;4562445193;
460621929;4562420246;4562445234;
465527788;4604858610;4604858628;
465527788;4604858628;4604858634;
465527791;4604858636;4604858616;
465527791;4604858616;4604858611;
465527791;4604858611;4604858613;
465527791;4604858613;4604858627;
465527791;4604858627;4604858617;
465527793;4604858616;4604858622;
465527793;4604858622;4604858620;
465527793;4604858620;4604858625;
465527793;4604858625;4604858624;
465527796;4604858627;4604858631;
465527796;4604858631;4604858615;
465943201;2300828592;4608414356;
465943201;4608414356;4608414344;
465943201;4608414344;4608414354;
465943201;4608414354;4608414341;
465943201;4608414341;4608414365;
465943201;4608414365;4608414353;
465943201;4608414353;4608414362;
465943201;4608414362;4608414352;
465957508;2585565426;4608517637;
465957508;4608517637;4608517634;
465957508;4608517634;4608517633;
465957509;4608517633;4608517635;
465957509;4608517635;4608517638;
465957509;4608517638;4608517632;
465957509;4608517632;4608517633;
465991205;4608872450;4608872453;
465991206;4608872437;4608872430;
465991207;4608872454;4608872450;
465991208;4608872453;4608872439;
465991208;4608872439;4608872441;
465991208;4608872441;4608872417;
465991208;4608872417;4608872427;
465991208;4608872427;4608872451;
465991208;4608872451;4608872430;
465991208;4608872430;4608872449;
465991208;4608872449;4608887037;
465991208;4608887037;4608872457;
465991214;4608872448;4608872454;
465991219;4608872417;4608705752;
465991220;4608705754;4608872445;
465991220;4608872445;4608872423;
465991220;4608872423;4608872440;
465991220;4608872440;4608705760;
465991221;4608872451;4608872448;
465992860;4608872439;4608887044;
465992860;4608887044;4608887039;
465992860;4608887039;4608887040;
465992860;4608887040;4608872436;
465992861;4608887040;4608887038;
465992861;4608887038;4608875743;
465992862;4608887042;4608887043;
465992862;4608887043;4608875752;
465992863;4608875739;4608887037;
465992864;4608887038;4608887035;
465992864;4608887035;4608887042;
465992864;4608887042;4608887036;
465992865;4608887039;4608875738;
466455973;4612504733;2218508149;
466455973;2218508149;4612504734;
466455973;4612504734;4612504729;
466467978;4612602651;4612602653;
466467978;4612602653;4612602646;
466467978;4612602646;4612602654;
466467978;4612602654;4612602649;
466737770;4614795579;4614795580;
466737773;4614795579;4614795578;
466738481;4614805773;4614805774;
466743722;4614852047;4614852048;
467547248;4621647260;2927195022;
467547248;2927195022;2927195025;
467547248;2927195025;2927195014;
467547248;2927195014;4621647256;
467547248;4621647256;4621647260;
467557877;4621647261;4621647259;
467557877;4621647259;4621647262;
467557878;4621647253;4621647254;
467557879;4621647262;4621647253;
467557880;4621647256;4621647261;
467557881;4621647260;4621647255;
467557881;4621647255;4621647258;
467557882;4621647254;4621647257;
467564423;4621715683;4621715682;
474655385;1548165901;3385332320;
474655385;3385332320;3385332316;
474655385;3385332316;2274195210;
474655385;2274195210;1594804742;
474655385;1594804742;1548165987;
474655385;1548165987;1548165986;
474655385;1548165986;3385332315;
474655385;3385332315;2276314718;
474655385;2276314718;1548165971;
474655385;1548165971;1548165965;
474655385;1548165965;1548165961;
474655385;1548165961;1548165955;
474655385;1548165955;3385332311;
474655385;3385332311;1548165950;
474655385;1548165950;3385332309;
474655385;3385332309;1548165946;
477534918;1788785739;126646458;
482327709;137882131;2218389428;
482327709;2218389428;4621547671;
482327709;4621547671;137888646;
482327709;137888646;4612602651;
482327709;4612602651;4558796673;
482327709;4558796673;138231423;
482327709;138231423;2216364186;
482327709;2216364186;4488753796;
482327709;4488753796;138231424;
484592256;2204179952;2204210316;
484592256;2204210316;3387597091;
484592256;3387597091;2681412871;
484592256;2681412871;1554874570;
484592257;4097873925;4025528393;
484592257;4025528393;4025528392;
484592258;2216360362;2216360291;
484592258;2216360291;4558789393;
484592258;4558789393;4559191359;
