51155246;1945997267;1945997210;
51155246;1945997210;1945997293;
51155246;1945997293;1945997111;
51155246;1945997111;1945997197;
51155246;1945997197;1945997151;
51155246;1945997151;1945997163;
51155246;1945997163;1945997075;
51155246;1945997075;1945997274;
51155246;1945997274;1945997085;
51155246;1945997085;1945997259;
51155246;1945997259;1945997172;
51155246;1945997172;1945997278;
51155246;1945997278;652662539;
51155246;652662539;1945997142;
51155246;1945997142;1945997140;
51155246;1945997140;652662544;
51155246;652662544;652662548;
51155246;652662548;652662551;
51155246;652662551;652662554;
51155298;1946039234;1946039229;
51155298;1946039229;665512699;
51155298;665512699;1946039165;
51155298;1946039165;1946039119;
51155298;1946039119;665512700;
51155298;665512700;1946039215;
51155298;1946039215;1946039164;
51155298;1946039164;665512701;
51155298;665512701;1946039178;
51155298;1946039178;652664019;
51155298;652664019;1946039144;
51155298;1946039144;652664653;
51155298;652664653;652664023;
51155298;652664023;665512547;
51155298;665512547;652664025;
51155298;652664025;1946043812;
51155298;1946043812;1946043832;
51155298;1946043832;1946043882;
51155298;1946043882;2778674688;
51155298;2778674688;652664027;
51155298;652664027;1946043798;
51155298;1946043798;2776348016;
51155298;2776348016;1946043782;
51155298;1946043782;1946043793;
51155298;1946043793;1946043790;
51155298;1946043790;1946043869;
51155298;1946043869;1946043784;
51155298;1946043784;652664032;
51155298;652664032;1946043858;
51155298;1946043858;1946020344;
51155298;1946020344;652664035;
114464470;1962020081;3742729044;
114464470;3742729044;1296650600;
114464471;1296645096;1945997252;
114464471;1945997252;1296645097;
114464471;1296645097;1296645101;
114464471;1296645101;3742737831;
114464471;3742737831;1296645100;
114464471;1296645100;2688511596;
114464471;2688511596;3742737828;
114469225;1296717373;652662522;
114469231;3742729037;3742729038;
114469231;3742729038;1962020054;
183315567;1946039177;3783271751;
183315567;3783271751;3783271749;
183315567;3783271749;1946039192;
183315567;1946039192;1946039240;
183315567;1946039240;1946039151;
183315567;1946039151;1946039091;
183315567;1946039091;1946039246;
183315567;1946039246;1946039141;
183315567;1946039141;1936822240;
183315567;1936822240;1936824007;
183315567;1936824007;1936824014;
183315567;1936824014;1936824013;
183315567;1936824013;1936824009;
183315567;1936824009;1936824012;
183315567;1936824012;1936824015;
183315567;1936824015;1936824008;
183315567;1936824008;1936824011;
183315567;1936824011;1936824010;
183315567;1936824010;1936824396;
183315567;1936824396;1936824388;
183315567;1936824388;1936824392;
183315567;1936824392;1936824397;
183315567;1936824397;1936824393;
183315567;1936824393;1946039135;
183315567;1946039135;1936824387;
183315567;1936824387;1936824395;
183315567;1936824395;1936824391;
183315567;1936824391;1936824394;
183315567;1936824394;1936824390;
183315567;1936824390;1936824389;
183315567;1936824389;1936824398;
183315567;1936824398;1936824514;
183315567;1936824514;1936824517;
183315567;1936824517;1936824513;
183315567;1936824513;1936824516;
183315567;1936824516;1936824515;
183315567;1936824515;1936824512;
183315567;1936824512;1936824591;
183315567;1936824591;1936824594;
183315567;1936824594;1936824593;
183315567;1936824593;1936824592;
183315567;1936824592;1945983949;
183315567;1945983949;1936824898;
183315567;1936824898;1936824903;
183315567;1936824903;1936824902;
183315567;1936824902;1936824904;
183315567;1936824904;1936824901;
183315567;1936824901;1936824900;
183315567;1936824900;1936825219;
183315567;1936825219;1936825221;
183315567;1936825221;1936825217;
183315567;1936825217;1936825223;
183315567;1936825223;1936825743;
183315567;1936825743;1936825728;
183315567;1936825728;1936825726;
183315567;1936825726;1936825724;
183315567;1936825724;1936825741;
184154659;1945997230;1945997178;
184154659;1945997178;1945997232;
184154659;1945997232;1945997121;
184154659;1945997121;1945997255;
184154659;1945997255;1945997229;
184154661;1945997208;3783284659;
184154661;3783284659;1945997134;
184154661;1945997134;1945997139;
184154661;1945997139;1945997188;
184154661;1945997188;1945997288;
184154661;1945997288;1945997143;
184154661;1945997143;1946020314;
184154661;1946020314;1945997088;
184154661;1945997088;1945997233;
184154661;1945997233;1945997217;
184154661;1945997217;1945997189;
184154661;1945997189;1945997265;
184154661;1945997265;1945997132;
184154661;1945997132;1945997294;
184154661;1945997294;1945997174;
184154661;1945997174;1945997194;
184154661;1945997194;1296717373;
184154662;1945997284;1945997091;
184154662;1945997091;1945997289;
184154662;1945997289;1945997082;
184154662;1945997082;1945997157;
184154663;1945997292;1945997207;
184154663;1945997207;1945997105;
184154663;1945997105;1945997182;
184154663;1945997182;1945997102;
184154663;1945997102;1945997090;
184154663;1945997090;1945997199;
184154663;1945997199;1945997155;
184154663;1945997155;1945997096;
184154664;1945997142;1945997254;
184154664;1945997254;1945997290;
184154664;1945997290;1945997130;
184154664;1945997130;1945997167;
184154664;1945997167;1945997104;
184154664;1945997104;1945997224;
184154664;1945997224;1945997096;
184154664;1945997096;1945997160;
184154664;1945997160;1945997106;
184154664;1945997106;1945997266;
184154664;1945997266;1945997237;
184154664;1945997237;1945997098;
184154664;1945997098;1945997228;
184154664;1945997228;1945997156;
184154664;1945997156;1945997077;
184154664;1945997077;1945997078;
184154664;1945997078;1945997175;
184154664;1945997175;1945997209;
184154664;1945997209;1945997287;
184154664;1945997287;1945997099;
184154664;1945997099;1945997081;
184154664;1945997081;1945997163;
184154666;1945997154;1945997286;
184154666;1945997286;1945997260;
184154666;1945997260;1945997245;
184154668;1945997189;1945997258;
184154668;1945997258;1945997230;
184154668;1945997230;1945997229;
184154668;1945997229;1945997174;
184154669;652662500;1945997281;
184154669;1945997281;1945997268;
184154669;1945997268;1945997120;
184154669;1945997120;1945997193;
184154669;1945997193;1945997171;
184154669;1945997171;1945997269;
184154669;1945997269;1945997186;
184154669;1945997186;1945997152;
184154669;1945997152;1945997113;
184154669;1945997113;1945997147;
184154669;1945997147;1945997164;
184154669;1945997164;1945997187;
184154669;1945997187;1945997296;
184154669;1945997296;1945997285;
184154669;1945997285;1945997162;
184154669;1945997162;1945997249;
184154669;1945997249;1945997158;
184154669;1945997158;1945997247;
184154669;1945997247;1945997201;
184154669;1945997201;1945997168;
184154669;1945997168;1945997128;
184154669;1945997128;1945997208;
184154670;1945997266;1945997169;
184154670;1945997169;1945997239;
184154670;1945997239;1945997086;
184154670;1945997086;1945997110;
184154670;1945997110;1945997220;
184154670;1945997220;1945997101;
184154670;1945997101;1945997137;
184154670;1945997137;1945997079;
184154670;1945997079;1945997141;
184154670;1945997141;1945997138;
184154670;1945997138;1945997284;
184154670;1945997284;1945997118;
184154670;1945997118;1945997176;
184154670;1945997176;1945997114;
184154670;1945997114;1945997089;
184154670;1945997089;1945997108;
184154670;1945997108;1945997195;
184157106;1946020373;1946020421;
184157106;1946020421;1946020396;
184157107;1946020386;3742740741;
184157107;3742740741;1946020311;
184157107;1946020311;1946020390;
184157107;1946020390;1946020412;
184157107;1946020412;1946020402;
184157107;1946020402;1946020347;
184157107;1946020347;1946020358;
184157107;1946020358;1946020366;
184157107;1946020366;1946020368;
184157108;1945997088;1946020331;
184157108;1946020331;1946020379;
184157109;1946020416;1946020321;
184157109;1946020321;1946020316;
184157109;1946020316;1946020318;
184157111;1946020345;1946020364;
184157111;1946020364;1946020431;
184157111;1946020431;3742740738;
184157112;1946020344;1946020374;
184157112;1946020374;1946020325;
184157112;1946020325;1946020371;
184157112;1946020371;1946020348;
184157112;1946020348;1946020306;
184157112;1946020306;1946020327;
184157112;1946020327;1946020433;
184157114;1946020367;1946020312;
184157114;1946020312;1946020422;
184157114;1946020422;1946020436;
184157114;1946020436;1946020340;
184157114;1946020340;1946020418;
184157114;1946020418;1946020360;
184157115;1946020363;1946020369;
184157115;1946020369;1946020391;
184157115;1946020391;1946020378;
184157115;1946020378;1946039161;
184157115;1946039161;1946020382;
184157115;1946020382;1946039216;
184157115;1946039216;1946020357;
184157115;1946020357;1946020425;
184157115;1946020425;1946020389;
184157115;1946020389;1946039169;
184157115;1946039169;1946020372;
184157115;1946020372;1946020376;
184157115;1946020376;1946039146;
184157115;1946039146;1946020428;
184157115;1946020428;1946039214;
184157115;1946039214;1946039154;
184157115;1946039154;1946039095;
184157115;1946039095;1946039220;
184157115;1946039220;1946039239;
184157115;1946039239;1946039212;
184157115;1946039212;1946039153;
184157115;1946039153;1946039115;
184157115;1946039115;1946039148;
184157115;1946039148;1946039114;
184157115;1946039114;1946039170;
184157115;1946039170;1946039213;
184157115;1946039213;1946039249;
184157115;1946039249;1946039210;
184157115;1946039210;1946039201;
184157115;1946039201;1946039218;
184157115;1946039218;1946039217;
184157115;1946039217;1946039225;
184157115;1946039225;1946039223;
184157115;1946039223;1946039073;
184157115;1946039073;1946039107;
184157115;1946039107;665513397;
184157116;1296645100;3742737830;
184157116;3742737830;1946020386;
184157116;1946020386;1946020354;
184157116;1946020354;3742740734;
184157117;1946020358;1946020362;
184157117;1946020362;1946020385;
184157117;1946020385;1946020417;
184157117;1946020417;1946020411;
184157118;1946020426;1946020304;
184157118;1946020304;1946020375;
184157118;1946020375;1946020415;
184157120;1946020355;1946020343;
184157121;1945997139;1946020352;
184157121;1946020352;1946020336;
184157121;1946020336;1946020408;
184157121;1946020408;1946020432;
184157121;1946020432;1946020424;
184157121;1946020424;1946020314;
184157122;1946020397;1946020420;
184157126;1296717441;3783284139;
184157126;3783284139;1946020355;
184157126;1946020355;652662551;
184157127;1946020410;1946020370;
184157127;1946020370;3742721785;
184157127;3742721785;1946020388;
184157127;1946020388;1946020318;
184157127;1946020318;1946020405;
184157127;1946020405;1946020416;
184157127;1946020416;1946020329;
184158182;665513395;1946039114;
184158623;1946043965;1946043829;
184158623;1946043829;1946043919;
184158623;1946043919;1946043836;
184158623;1946043836;1946043969;
184158623;1946043969;1946043809;
184158623;1946043809;1946043805;
184158623;1946043805;1946043935;
184158623;1946043935;1946043956;
184158623;1946043956;1946043817;
184158623;1946043817;1946043906;
184158623;1946043906;1946043955;
184158623;1946043955;1946043857;
184158623;1946043857;1946043876;
184158623;1946043876;1946043862;
184158623;1946043862;1946043865;
184158623;1946043865;1946043820;
184158623;1946043820;1946043833;
184158623;1946043833;1946043939;
184158623;1946043939;1946043776;
184158623;1946043776;1946043786;
184158623;1946043786;1946043772;
184158623;1946043772;1946043816;
184158623;1946043816;1946043822;
184158623;1946043822;1946043940;
184158623;1946043940;1946043827;
184158623;1946043827;1946043867;
184158623;1946043867;1946043859;
184158623;1946043859;1946043910;
184158623;1946043910;1946043781;
184158623;1946043781;1946043901;
184158623;1946043901;1946043951;
184158623;1946043951;1946043914;
184158623;1946043914;2776348017;
184158623;2776348017;1946043819;
184158623;1946043819;1946043793;
184158629;1946043824;1946043771;
184158630;2778674688;1946043788;
184158630;1946043788;1946043942;
184158630;1946043942;1946043791;
184158630;1946043791;1946043908;
184158630;1946043908;1946043824;
184158630;1946043824;1946043863;
184158630;1946043863;1946043897;
184158630;1946043897;1946043813;
184158630;1946043813;1946020329;
184158630;1946020329;1946043945;
184158630;1946043945;1946043878;
184158630;1946043878;1946043941;
184158630;1946043941;1946043834;
184158630;1946043834;1946043785;
184158630;1946043785;1946043774;
185558967;1296717497;1946020315;
185558967;1946020315;1296717415;
185558967;1296717415;1945997295;
185558967;1945997295;1945997195;
185558967;1945997195;1296717398;
185558967;1296717398;1945997183;
185558967;1945997183;1296717408;
185558967;1296717408;1296717532;
185558967;1296717532;1946020397;
185558967;1946020397;1946020367;
185558967;1946020367;1296717396;
185558967;1296717396;1296717529;
185558967;1296717529;1296717373;
185558967;1296717373;1296717527;
185558967;1296717527;1945997154;
185558967;1945997154;1945997267;
185558967;1945997267;3783284147;
185558967;3783284147;3783284143;
185558967;3783284143;3783284141;
185559183;3742729044;652662557;
185559183;652662557;3742735120;
185559183;3742735120;652662558;
185559237;1962020081;3742729042;
185559237;3742729042;3742729043;
185559237;3742729043;3742729045;
185559237;3742729045;1962020084;
185559237;1962020084;1962020082;
185559237;1962020082;3742729041;
185559237;3742729041;1962020077;
185559237;1962020077;3742729040;
185559237;3742729040;3742729039;
185559237;3742729039;1962020069;
185559237;1962020069;1962020063;
185559237;1962020063;1962020067;
185559237;1962020067;1962020076;
185559237;1962020076;1962020081;
185628453;1945997208;1945997227;
185628465;1962748473;1945997208;
229682945;1945997161;2382489613;
229682945;2382489613;2382489526;
229682945;2382489526;2382489533;
229682945;2382489533;2382489583;
229682945;2382489583;2382489591;
229682945;2382489591;2382489597;
229682945;2382489597;2382489604;
229682945;2382489604;2382489549;
229682945;2382489549;2382489535;
229682945;2382489535;2382489541;
229682945;2382489541;2382489572;
229682945;2382489572;2382489586;
229682945;2382489586;2382489589;
229682945;2382489589;2382489599;
229682945;2382489599;2382489600;
229682945;2382489600;2382489601;
229682945;2382489601;2382489527;
229682945;2382489527;2382489608;
229682945;2382489608;2382489587;
229682945;2382489587;2382489596;
229682945;2382489596;2382489590;
229682945;2382489590;2382489532;
229682945;2382489532;2382489543;
229682945;2382489543;2382489595;
229682945;2382489595;2382489523;
229682945;2382489523;2382489524;
263227303;1946020354;2688511590;
263227303;2688511590;3742740730;
263227303;3742740730;2688511591;
263227303;2688511591;2688511592;
263227303;2688511592;2688511593;
263227303;2688511593;2688511594;
263227303;2688511594;2688511595;
263227303;2688511595;2688511596;
304313608;652662215;4284082996;
304313608;4284082996;1946093100;
304313608;1946093100;652662216;
304313608;652662216;665521181;
304313608;665521181;652662217;
304313608;652662217;1946093184;
304313608;1946093184;652662219;
304313608;652662219;1936802165;
304313608;1936802165;1936829452;
304313608;1936829452;652662220;
304313608;652662220;1936809311;
304313608;1936809311;652662221;
304313608;652662221;1936800520;
304313608;1936800520;1936829455;
304313608;1936829455;652662222;
304313608;652662222;1936829941;
304313608;1936829941;1936804602;
304313608;1936804602;652662223;
304313608;652662223;1936820130;
304313608;1936820130;1936820111;
304313608;1936820111;665513385;
304313608;665513385;1936820115;
304313608;1936820115;665513387;
304313608;665513387;1946039138;
304313608;1946039138;1936824592;
304313608;1936824592;665513389;
304313608;665513389;1946020363;
304313608;1946020363;665513391;
304313608;665513391;665513392;
304313608;665513392;1106860559;
304313608;1106860559;1946039203;
304313608;1946039203;665513393;
304313608;665513393;1946039194;
304313608;1946039194;665513395;
304313608;665513395;2382489524;
304313608;2382489524;665513396;
304313608;665513396;665513397;
304313608;665513397;1946039177;
304313608;1946039177;665513398;
304313608;665513398;1296717491;
304313608;1296717491;3783271750;
304313608;3783271750;1946039166;
304313608;1946039166;3783271752;
304313608;3783271752;1296717431;
304313608;1296717431;1296717414;
304313608;1296717414;1296717475;
326745771;3072729758;652662470;
326745771;652662470;3334085532;
326745771;3334085532;3334085533;
326745771;3334085533;3334085531;
326745771;3334085531;3334085534;
326745771;3334085534;1106484022;
326745771;1106484022;1106484024;
326745771;1106484024;652662475;
326745771;652662475;1946043815;
326745771;1946043815;652662478;
326745771;652662478;1945997190;
326745771;1945997190;1945997283;
326745771;1945997283;652662486;
326745771;652662486;1945997198;
326745771;1945997198;1945997257;
326745771;1945997257;652662492;
326745771;652662492;652662500;
326745771;652662500;1946043965;
326745771;1946043965;652662510;
326745771;652662510;1945997227;
326745771;1945997227;1962748473;
326745771;1962748473;652664035;
326745771;652664035;3783277532;
326745771;3783277532;1945997095;
326745771;1945997095;3783284662;
326745771;3783284662;3783284663;
326745771;3783284663;1945997092;
326745771;1945997092;3783284661;
326745771;3783284661;3783284660;
326745771;3783284660;1945997205;
326745771;1945997205;652662522;
370574750;3742721795;3742721794;
370574750;3742721794;3742721792;
370574750;3742721792;2723492876;
370574750;2723492876;3742721787;
370574750;3742721787;3742721788;
370574750;3742721788;3742721791;
370575270;652662522;1946020433;
370575270;1946020433;1946020373;
370575270;1946020373;3742721795;
370575270;3742721795;3742721791;
370575270;3742721791;1946020410;
370575270;1946020410;3783284148;
370575270;3783284148;1946020398;
370575270;1946020398;3783284141;
370575270;3783284141;1296717441;
370575270;1296717441;3783284134;
370575270;3783284134;1296717542;
370575271;3742729028;3742729031;
370575271;3742729031;3742729033;
370575271;3742729033;3742729035;
370575271;3742729035;3742729034;
370575271;3742729034;3742729032;
370575271;3742729032;3742729030;
370575271;3742729030;3742729029;
370575271;3742729029;3742729027;
370575271;3742729027;3742729025;
370575271;3742729025;3742725623;
370575271;3742725623;3742725622;
370575271;3742725622;3742725624;
370575271;3742725624;3742729026;
370575271;3742729026;3742729028;
370575272;3742729027;1946043774;
370575277;1962020054;1962020069;
370575278;1296650600;3742729045;
370575279;3742729037;3783284132;
370575279;3783284132;3742729035;
370575280;1962020082;652662554;
370575281;652662554;1962020077;
370575282;3742729040;1962020054;
370575283;1296650600;3742729046;
370575283;3742729046;1296650594;
370575283;1296650594;3742729047;
370575283;3742729047;1296650599;
370575283;1296650599;1296650596;
370575283;1296650596;1296650595;
370575283;1296650595;1296645096;
370575283;1296645096;1296645091;
370575283;1296645091;1962748487;
370575283;1962748487;1296645083;
370575283;1296645083;1296645080;
370575283;1296645080;1946020368;
370575283;1946020368;1296645085;
370575283;1296645085;1296645082;
370575283;1296645082;1946020411;
370575283;1946020411;1296645089;
370575283;1296645089;1296645081;
370575283;1296645081;1296645087;
370575283;1296645087;1296645086;
370575283;1296645086;1296645084;
370575284;3742729031;3742729036;
370575284;3742729036;3742729037;
370575285;1946043774;3742725621;
370575285;3742725621;3742725622;
370576307;1945997161;3742735123;
370576307;3742735123;3742738092;
370576307;3742738092;3742737825;
370576307;3742737825;3742737827;
370576307;3742737827;3742737829;
370576307;3742737829;3742737828;
370576307;3742737828;3742737826;
370576307;3742737826;1296645098;
370576307;1296645098;3742735124;
370576307;3742735124;652662558;
370576307;652662558;3742735121;
370576307;3742735121;1945997161;
370576310;1945997161;3742735119;
370576310;3742735119;3742735118;
370576310;3742735118;1945997149;
370576310;1945997149;1945997214;
370576310;1945997214;1945997272;
370576310;1945997272;1945997109;
370576310;1945997109;1946020309;
370576310;1946020309;1945997083;
370576310;1945997083;1945997264;
370576310;1945997264;1945997119;
370576310;1945997119;652662565;
370576310;652662565;652662569;
370576310;652662569;1945997115;
370576310;1945997115;652662573;
370576310;652662573;1945997270;
370576310;1945997270;1945997094;
370576310;1945997094;652662578;
370576310;652662578;652662581;
370576310;652662581;652662583;
370576310;652662583;1945997280;
370576310;1945997280;1945997084;
370576310;1945997084;652662589;
370576310;652662589;1945997221;
370576310;1945997221;1945997231;
370576310;1945997231;652662593;
370576310;652662593;652663987;
370576310;652663987;652664266;
370576310;652664266;1945997129;
370576310;1945997129;1945997222;
370576310;1945997222;1945997112;
370576310;1945997112;1945997206;
370576310;1945997206;652664268;
370576310;652664268;652664270;
370576310;652664270;1945997291;
370576310;1945997291;1945997276;
370576310;1945997276;1945997271;
370576310;1945997271;1945997146;
370576310;1945997146;1945997298;
370576310;1945997298;1945997191;
370576311;1296645098;3742735122;
370576311;3742735122;3742735117;
370576311;3742735117;3742735115;
370576311;3742735115;3742735116;
370576311;3742735116;3742729046;
370576718;1946020415;3742740740;
370576718;3742740740;3742740738;
370576718;3742740738;3742740736;
370576718;3742740736;3742740734;
370576718;3742740734;3742740731;
370576718;3742740731;3742740728;
370576718;3742740728;3742740725;
370576718;3742740725;3742740726;
370576718;3742740726;3742740727;
370576718;3742740727;3742740729;
370576718;3742740729;3742740733;
370576718;3742740733;3742740735;
370576718;3742740735;3742740737;
370576718;3742740737;3742740739;
370576718;3742740739;1946020415;
370576720;3742740726;1946020359;
370576720;1946020359;1946020309;
370576723;3742740733;1946020350;
370576723;1946020350;3742740732;
370576723;3742740732;1946020335;
370576723;1946020335;1946020328;
370576723;1946020328;1946020413;
370576723;1946020413;1946020324;
370576723;1946020324;1946020383;
