652662215;41.39199;-8.421449;-0.146982;0.7224265
652662216;41.39184;-8.422361;-0.1469979;0.7224239
652662217;41.39145;-8.423741;-0.147022;0.7224171
652662219;41.39143;-8.424171;-0.1470295;0.7224168
652662220;41.39209;-8.425755;-0.1470572;0.7224283
652662221;41.39228;-8.426363;-0.1470678;0.7224315
652662222;41.39233;-8.428179;-0.1470995;0.7224325
652662223;41.39281;-8.429405;-0.1471209;0.7224408
652662470;41.39774;-8.455785;-0.1475813;0.7225269
652662475;41.39696;-8.454535;-0.1475595;0.7225133
652662478;41.39616;-8.454348;-0.1475562;0.7224993
652662486;41.39576;-8.453981;-0.1475498;0.7224923
652662492;41.39585;-8.453132;-0.147535;0.7224939
652662500;41.39605;-8.452439;-0.1475229;0.7224973
652662510;41.39694;-8.449349;-0.147469;0.7225129
652662522;41.39758;-8.44587;-0.1474082;0.7225241
652662539;41.39828;-8.443645;-0.1473694;0.7225364
652662544;41.39828;-8.442873;-0.1473559;0.7225364
652662548;41.39787;-8.442494;-0.1473493;0.7225292
652662551;41.39724;-8.442108;-0.1473426;0.7225182
652662554;41.39708;-8.441637;-0.1473344;0.7225153
652662557;41.39709;-8.441084;-0.1473247;0.7225155
652662558;41.39799;-8.438868;-0.147286;0.7225313
652662565;41.39825;-8.43681;-0.1472501;0.7225358
652662569;41.39824;-8.436662;-0.1472475;0.7225355
652662573;41.39827;-8.435936;-0.1472349;0.722536
652662578;41.39857;-8.434393;-0.1472079;0.7225413
652662581;41.39891;-8.433528;-0.1471928;0.7225474
652662583;41.39937;-8.432289;-0.1471712;0.7225553
652662589;41.4003;-8.431952;-0.1471653;0.7225715
652662593;41.40065;-8.431507;-0.1471576;0.7225776
652663987;41.40066;-8.431245;-0.147153;0.7225779
652664019;41.38894;-8.449272;-0.1474676;0.7223732
652664023;41.39008;-8.448697;-0.1474576;0.7223932
652664025;41.39133;-8.447603;-0.1474385;0.722415
652664027;41.39341;-8.44692;-0.1474266;0.7224512
652664032;41.39525;-8.447245;-0.1474322;0.7224834
652664035;41.39704;-8.448995;-0.1474628;0.7225146
652664266;41.40052;-8.43092;-0.1471473;0.7225753
652664268;41.40079;-8.429946;-0.1471303;0.7225801
652664270;41.40089;-8.429996;-0.1471312;0.7225818
652664653;41.38963;-8.448942;-0.1474619;0.7223852
665512547;41.39119;-8.447722;-0.1474406;0.7224125
665512699;41.38708;-8.452065;-0.1475164;0.7223408
665512700;41.38795;-8.450409;-0.1474875;0.722356
665512701;41.38842;-8.449618;-0.1474737;0.7223641
665513385;41.39326;-8.430184;-0.1471345;0.7224487
665513387;41.39365;-8.431376;-0.1471553;0.7224555
665513389;41.39401;-8.432116;-0.1471682;0.7224618
665513391;41.39469;-8.43339;-0.1471904;0.7224736
665513392;41.39482;-8.433993;-0.147201;0.7224759
665513393;41.39495;-8.435238;-0.1472227;0.7224782
665513395;41.39524;-8.438639;-0.147282;0.7224832
665513396;41.39519;-8.439018;-0.1472887;0.7224823
665513397;41.39484;-8.440432;-0.1473133;0.7224763
665513398;41.39462;-8.441289;-0.1473283;0.7224724
665521181;41.39151;-8.423517;-0.1470181;0.7224181
1106484022;41.39756;-8.454863;-0.1475652;0.7225237
1106484024;41.39733;-8.454634;-0.1475612;0.7225198
1106860559;41.39484;-8.434179;-0.1472042;0.7224762
1296645080;41.39989;-8.439592;-0.1472987;0.7225645
1296645081;41.40136;-8.438498;-0.1472796;0.72259
1296645082;41.40089;-8.439038;-0.147289;0.7225818
1296645083;41.39949;-8.439739;-0.1473012;0.7225575
1296645084;41.40268;-8.438333;-0.1472767;0.7226132
1296645085;41.40073;-8.439192;-0.1472917;0.7225791
1296645086;41.40243;-8.438368;-0.1472773;0.7226087
1296645087;41.40154;-8.438435;-0.1472785;0.7225932
1296645089;41.40123;-8.438574;-0.1472809;0.7225877
1296645091;41.39898;-8.44008;-0.1473072;0.7225484
1296645096;41.39867;-8.440267;-0.1473104;0.7225431
1296645097;41.39866;-8.439873;-0.1473036;0.7225429
1296645098;41.39809;-8.438925;-0.147287;0.722533
1296645100;41.3984;-8.439112;-0.1472903;0.7225384
1296645101;41.3986;-8.439488;-0.1472969;0.7225419
1296650594;41.39739;-8.440912;-0.1473217;0.7225208
1296650595;41.39827;-8.440569;-0.1473157;0.7225361
1296650596;41.39799;-8.440751;-0.1473189;0.7225313
1296650599;41.39768;-8.440825;-0.1473202;0.7225258
1296650600;41.3972;-8.441059;-0.1473243;0.7225175
1296717373;41.39849;-8.445628;-0.147404;0.72254
1296717396;41.39873;-8.445707;-0.1474054;0.7225441
1296717398;41.40077;-8.445857;-0.147408;0.7225798
1296717408;41.40046;-8.445561;-0.1474029;0.7225744
1296717414;41.39499;-8.442316;-0.1473462;0.7224788
1296717415;41.40114;-8.446497;-0.1474192;0.7225862
1296717431;41.39478;-8.442126;-0.1473429;0.7224752
1296717441;41.39639;-8.443761;-0.1473714;0.7225034
1296717475;41.3955;-8.442815;-0.1473549;0.7224877
1296717491;41.39459;-8.441452;-0.1473311;0.7224718
1296717497;41.40195;-8.447521;-0.1474371;0.7226004
1296717527;41.39829;-8.445452;-0.1474009;0.7225364
1296717529;41.39855;-8.44568;-0.1474049;0.722541
1296717532;41.40013;-8.4455;-0.1474018;0.7225686
1296717542;41.39587;-8.443295;-0.1473633;0.7224943
1936800520;41.39231;-8.427095;-0.1470806;0.722432
1936802165;41.39166;-8.424718;-0.1470391;0.7224208
1936804602;41.39254;-8.428747;-0.1471094;0.7224361
1936809311;41.39224;-8.426163;-0.1470643;0.7224309
1936820111;41.39311;-8.429937;-0.1471302;0.722446
1936820115;41.3933;-8.430389;-0.1471381;0.7224494
1936820130;41.39293;-8.429665;-0.1471254;0.7224428
1936822240;41.39199;-8.436813;-0.1472502;0.7224265
1936824007;41.39207;-8.436668;-0.1472476;0.7224279
1936824008;41.39262;-8.435862;-0.1472336;0.7224375
1936824009;41.39235;-8.436186;-0.1472392;0.7224328
1936824010;41.39283;-8.435472;-0.1472268;0.7224412
1936824011;41.39274;-8.435655;-0.14723;0.7224396
1936824012;41.39243;-8.436105;-0.1472378;0.7224342
1936824013;41.39225;-8.436357;-0.1472422;0.722431
1936824014;41.39217;-8.436504;-0.1472448;0.7224296
1936824015;41.39249;-8.43608;-0.1472374;0.7224353
1936824387;41.39322;-8.434764;-0.1472144;0.7224479
1936824388;41.39303;-8.435162;-0.1472213;0.7224447
1936824389;41.39314;-8.433892;-0.1471992;0.7224466
1936824390;41.39314;-8.434067;-0.1472022;0.7224466
1936824391;41.39317;-8.434488;-0.1472096;0.722447
1936824392;41.39313;-8.435038;-0.1472192;0.7224464
1936824393;41.39324;-8.434882;-0.1472165;0.7224483
1936824394;41.39314;-8.434298;-0.1472063;0.7224466
1936824395;41.39318;-8.434628;-0.147212;0.7224473
1936824396;41.39293;-8.435295;-0.1472237;0.722443
1936824397;41.39322;-8.434947;-0.1472176;0.7224479
1936824398;41.39314;-8.43382;-0.1471979;0.7224466
1936824512;41.39371;-8.432565;-0.147176;0.7224565
1936824513;41.39344;-8.433201;-0.1471871;0.7224518
1936824514;41.39322;-8.43363;-0.1471946;0.7224481
1936824515;41.39363;-8.432747;-0.1471792;0.7224551
1936824516;41.39352;-8.433047;-0.1471844;0.7224532
1936824517;41.39333;-8.433425;-0.147191;0.72245
1936824591;41.39379;-8.432377;-0.1471727;0.7224579
1936824592;41.39399;-8.43208;-0.1471676;0.7224615
1936824593;41.39396;-8.432109;-0.1471681;0.7224608
1936824594;41.39388;-8.432216;-0.1471699;0.7224596
1936824898;41.39408;-8.431955;-0.1471654;0.722463
1936824900;41.3946;-8.430934;-0.1471476;0.7224721
1936824901;41.39447;-8.431141;-0.1471512;0.7224699
1936824902;41.39425;-8.431564;-0.1471586;0.7224659
1936824903;41.39416;-8.431768;-0.1471621;0.7224643
1936824904;41.39441;-8.431313;-0.1471542;0.7224687
1936825217;41.39491;-8.430623;-0.1471421;0.7224775
1936825219;41.39471;-8.430762;-0.1471446;0.722474
1936825221;41.39482;-8.430663;-0.1471428;0.7224758
1936825223;41.39502;-8.430582;-0.1471414;0.7224794
1936825724;41.39454;-8.429703;-0.1471261;0.7224711
1936825726;41.39456;-8.429749;-0.1471269;0.7224714
1936825728;41.3947;-8.430006;-0.1471314;0.7224739
1936825741;41.39468;-8.429362;-0.1471201;0.7224734
1936825743;41.39491;-8.430382;-0.1471379;0.7224774
1936829452;41.39188;-8.425254;-0.1470484;0.7224246
1936829455;41.39233;-8.427909;-0.1470948;0.7224324
1936829941;41.39243;-8.42844;-0.147104;0.7224342
1945983949;41.39404;-8.432012;-0.1471664;0.7224623
1945997075;41.39814;-8.444328;-0.1473813;0.7225338
1945997077;41.39899;-8.444114;-0.1473776;0.7225488
1945997078;41.39885;-8.444185;-0.1473788;0.7225462
1945997079;41.40042;-8.444667;-0.1473872;0.7225736
1945997081;41.39822;-8.444387;-0.1473824;0.7225352
1945997082;41.40087;-8.444817;-0.1473899;0.7225814
1945997083;41.39834;-8.437522;-0.1472625;0.7225373
1945997084;41.3996;-8.432094;-0.1471678;0.7225593
1945997085;41.39802;-8.444034;-0.1473762;0.7225317
1945997086;41.39974;-8.444242;-0.1473798;0.7225617
1945997088;41.39905;-8.447846;-0.1474427;0.7225497
1945997089;41.40076;-8.445638;-0.1474042;0.7225796
1945997090;41.3996;-8.443439;-0.1473658;0.7225593
1945997091;41.40076;-8.444924;-0.1473917;0.7225797
1945997092;41.39769;-8.446299;-0.1474157;0.7225261
1945997094;41.39848;-8.434704;-0.1472134;0.7225398
1945997095;41.39764;-8.446904;-0.1474263;0.7225251
1945997096;41.39936;-8.443476;-0.1473664;0.7225551
1945997098;41.3994;-8.443921;-0.1473742;0.7225559
1945997099;41.39838;-8.444371;-0.1473821;0.722538
1945997101;41.40006;-8.444677;-0.1473874;0.7225673
1945997102;41.39971;-8.443422;-0.1473655;0.7225612
1945997104;41.39901;-8.443551;-0.1473678;0.722549
1945997105;41.39998;-8.443384;-0.1473649;0.722566
1945997106;41.39948;-8.443691;-0.1473702;0.7225571
1945997108;41.4008;-8.44582;-0.1474074;0.7225803
1945997109;41.3983;-8.437683;-0.1472653;0.7225366
1945997110;41.39988;-8.44443;-0.1473831;0.7225643
1945997111;41.39791;-8.444554;-0.1473853;0.7225298
1945997112;41.40043;-8.430743;-0.1471442;0.7225738
1945997113;41.39684;-8.452102;-0.147517;0.7225111
1945997114;41.4007;-8.445466;-0.1474012;0.7225785
1945997115;41.3982;-8.436346;-0.147242;0.722535
1945997118;41.40068;-8.445103;-0.1473949;0.7225782
1945997119;41.39832;-8.437065;-0.1472546;0.722537
1945997120;41.39632;-8.452729;-0.147528;0.7225022
1945997121;41.39849;-8.44712;-0.14743;0.7225399
1945997128;41.39724;-8.449403;-0.1474699;0.7225181
1945997129;41.40049;-8.430854;-0.1471462;0.7225748
1945997130;41.39878;-8.443568;-0.1473681;0.722545
1945997132;41.39884;-8.446283;-0.1474155;0.7225461
1945997134;41.39736;-8.449311;-0.1474683;0.7225202
1945997137;41.40026;-8.444667;-0.1473872;0.7225708
1945997138;41.40065;-8.444711;-0.147388;0.7225776
1945997139;41.39753;-8.449408;-0.14747;0.7225233
1945997140;41.39841;-8.443075;-0.1473595;0.7225385
1945997141;41.40055;-8.444672;-0.1473873;0.7225759
1945997142;41.39851;-8.443431;-0.1473657;0.7225403
1945997143;41.39794;-8.447966;-0.1474448;0.7225304
1945997146;41.40111;-8.429809;-0.1471279;0.7225856
1945997147;41.3969;-8.452005;-0.1475153;0.7225122
1945997149;41.39797;-8.438338;-0.1472768;0.7225309
1945997151;41.3981;-8.444442;-0.1473833;0.7225332
1945997152;41.39679;-8.452279;-0.1475201;0.7225102
1945997154;41.39805;-8.445247;-0.1473974;0.7225323
1945997155;41.39942;-8.443492;-0.1473667;0.7225562
1945997156;41.39912;-8.444082;-0.147377;0.7225509
1945997157;41.40091;-8.444776;-0.1473891;0.7225822
1945997158;41.39704;-8.451145;-0.1475003;0.7225146
1945997160;41.39943;-8.443552;-0.1473678;0.7225563
1945997161;41.39798;-8.43874;-0.1472838;0.722531
1945997162;41.3971;-8.451426;-0.1475052;0.7225156
1945997163;41.39816;-8.444397;-0.1473825;0.7225342
1945997164;41.39698;-8.451914;-0.1475137;0.7225137
1945997167;41.39892;-8.443558;-0.1473679;0.7225475
1945997168;41.39724;-8.449529;-0.1474721;0.7225182
1945997169;41.39957;-8.443917;-0.1473742;0.7225588
1945997171;41.39655;-8.452729;-0.147528;0.722506
1945997172;41.39805;-8.443821;-0.1473725;0.7225323
1945997174;41.39856;-8.445981;-0.1474102;0.7225412
1945997175;41.39878;-8.444261;-0.1473801;0.722545
1945997176;41.40066;-8.445305;-0.1473984;0.7225779
1945997178;41.39862;-8.44714;-0.1474304;0.7225422
1945997182;41.39987;-8.443412;-0.1473653;0.722564
1945997183;41.40062;-8.445685;-0.147405;0.7225771
1945997186;41.3967;-8.452504;-0.147524;0.7225087
1945997187;41.39703;-8.451787;-0.1475115;0.7225145
1945997188;41.39774;-8.448668;-0.1474571;0.7225268
1945997189;41.39903;-8.447055;-0.1474289;0.7225494
1945997190;41.39603;-8.4543;-0.1475554;0.722497
1945997191;41.4012;-8.429765;-0.1471272;0.7225873
1945997193;41.39643;-8.452826;-0.1475296;0.722504
1945997194;41.39853;-8.445836;-0.1474077;0.7225407
1945997195;41.40089;-8.446014;-0.1474108;0.7225819
1945997197;41.39801;-8.444486;-0.1473841;0.7225315
1945997198;41.39574;-8.453735;-0.1475455;0.7224919
1945997199;41.3995;-8.443465;-0.1473663;0.7225575
1945997201;41.3972;-8.449859;-0.1474779;0.7225174
1945997205;41.39763;-8.445982;-0.1474102;0.722525
1945997206;41.40051;-8.430725;-0.1471439;0.7225752
1945997207;41.40006;-8.443357;-0.1473644;0.7225673
1945997208;41.39716;-8.449268;-0.1474676;0.7225167
1945997209;41.39868;-8.444302;-0.1473809;0.7225433
1945997210;41.39767;-8.444763;-0.1473889;0.7225256
1945997214;41.39805;-8.438123;-0.147273;0.7225323
1945997217;41.39911;-8.447577;-0.147438;0.7225508
1945997220;41.39999;-8.444571;-0.1473856;0.7225661
1945997221;41.40049;-8.43175;-0.1471618;0.7225749
1945997222;41.40043;-8.430832;-0.1471458;0.7225738
1945997224;41.39921;-8.443492;-0.1473667;0.7225525
1945997227;41.39697;-8.449238;-0.147467;0.7225134
1945997228;41.39926;-8.444007;-0.1473757;0.7225534
1945997229;41.39861;-8.446257;-0.147415;0.722542
1945997230;41.39876;-8.447098;-0.1474297;0.7225446
1945997231;41.4006;-8.431637;-0.1471598;0.7225768
1945997232;41.39853;-8.447162;-0.1474308;0.7225407
1945997233;41.3991;-8.447675;-0.1474397;0.7225506
1945997237;41.39944;-8.443884;-0.1473736;0.7225566
1945997239;41.39965;-8.444136;-0.147378;0.7225603
1945997245;41.39906;-8.445015;-0.1473933;0.7225498
1945997247;41.39711;-8.450467;-0.1474885;0.7225159
1945997249;41.39708;-8.451272;-0.1475025;0.7225153
1945997252;41.39866;-8.44012;-0.1473079;0.7225429
1945997254;41.39854;-8.443498;-0.1473668;0.7225409
1945997255;41.39837;-8.44633;-0.1474163;0.7225379
1945997257;41.39576;-8.453511;-0.1475416;0.7224923
1945997258;41.39887;-8.447086;-0.1474295;0.7225466
1945997259;41.39799;-8.443884;-0.1473736;0.7225313
1945997260;41.39837;-8.445112;-0.147395;0.7225378
1945997264;41.39834;-8.437325;-0.1472591;0.7225373
1945997265;41.3989;-8.446357;-0.1474167;0.7225472
1945997266;41.39953;-8.443835;-0.1473727;0.7225581
1945997267;41.39759;-8.44484;-0.1473903;0.7225242
1945997268;41.39622;-8.452611;-0.1475259;0.7225004
1945997269;41.39664;-8.45259;-0.1475255;0.7225077
1945997270;41.39842;-8.435269;-0.1472232;0.7225387
1945997271;41.40108;-8.429867;-0.1471289;0.7225852
1945997272;41.39817;-8.437871;-0.1472686;0.7225343
1945997274;41.39807;-8.444173;-0.1473786;0.7225326
1945997276;41.40101;-8.429958;-0.1471305;0.722584
1945997278;41.39817;-8.443744;-0.1473711;0.7225344
1945997280;41.39946;-8.432174;-0.1471692;0.7225569
1945997281;41.39613;-8.452495;-0.1475239;0.7224987
1945997283;41.39589;-8.454185;-0.1475534;0.7224945
1945997284;41.40068;-8.444937;-0.1473919;0.7225782
1945997285;41.39708;-8.45153;-0.147507;0.7225154
1945997286;41.39819;-8.44521;-0.1473967;0.7225348
1945997287;41.39857;-8.444329;-0.1473814;0.7225414
1945997288;41.39785;-8.44825;-0.1474498;0.7225289
1945997289;41.40084;-8.444878;-0.1473909;0.722581
1945997290;41.39864;-8.443529;-0.1473674;0.7225426
1945997291;41.40096;-8.43003;-0.1471318;0.7225831
1945997292;41.4001;-8.443336;-0.147364;0.7225682
1945997293;41.3978;-8.444645;-0.1473869;0.7225279
1945997294;41.39864;-8.44609;-0.1474121;0.7225426
1945997295;41.40098;-8.446218;-0.1474143;0.7225834
1945997296;41.39705;-8.451662;-0.1475093;0.7225148
1945997298;41.40115;-8.429765;-0.1471272;0.7225865
1946020304;41.39981;-8.437371;-0.1472599;0.722563
1946020306;41.39728;-8.447397;-0.1474349;0.7225189
1946020309;41.39832;-8.437591;-0.1472637;0.722537
1946020311;41.39935;-8.438627;-0.1472818;0.7225549
1946020312;41.39964;-8.447209;-0.1474316;0.7225601
1946020314;41.39858;-8.447885;-0.1474434;0.7225415
1946020315;41.40166;-8.447154;-0.1474306;0.7225954
1946020316;41.39634;-8.445622;-0.1474039;0.7225025
1946020318;41.39651;-8.444869;-0.1473908;0.7225054
1946020321;41.39546;-8.445133;-0.1473954;0.722487
1946020324;41.39938;-8.436153;-0.1472387;0.7225556
1946020325;41.3969;-8.448068;-0.1474466;0.7225121
1946020327;41.39741;-8.447168;-0.1474309;0.7225211
1946020328;41.39913;-8.436689;-0.147248;0.7225511
1946020329;41.39461;-8.443841;-0.1473728;0.7224723
1946020331;41.39898;-8.44803;-0.1474459;0.7225485
1946020335;41.39903;-8.437206;-0.147257;0.7225494
1946020336;41.39777;-8.44956;-0.1474726;0.7225273
1946020340;41.39933;-8.448686;-0.1474574;0.7225547
1946020343;41.39737;-8.442956;-0.1473574;0.7225204
1946020344;41.39655;-8.448502;-0.1474542;0.722506
1946020345;41.40054;-8.437544;-0.1472629;0.7225757
1946020347;41.4002;-8.438734;-0.1472837;0.7225699
1946020348;41.39713;-8.447778;-0.1474415;0.7225162
1946020350;41.39903;-8.437659;-0.1472649;0.7225494
1946020352;41.39764;-8.449506;-0.1474717;0.7225251
1946020354;41.39912;-8.438322;-0.1472765;0.7225509
1946020355;41.39696;-8.442691;-0.1473528;0.7225132
1946020357;41.39435;-8.43443;-0.1472086;0.7224677
1946020358;41.40033;-8.438999;-0.1472883;0.722572
1946020359;41.39884;-8.437901;-0.1472691;0.722546
1946020360;41.40025;-8.448154;-0.1474481;0.7225707
1946020362;41.4006;-8.438847;-0.1472857;0.7225768
1946020363;41.39415;-8.432367;-0.1471726;0.7224641
1946020364;41.39967;-8.438551;-0.1472805;0.7225606
1946020366;41.40026;-8.439125;-0.1472905;0.722571
1946020367;41.39934;-8.445617;-0.1474038;0.7225548
1946020368;41.40032;-8.439389;-0.1472951;0.7225718
1946020369;41.39427;-8.433004;-0.1471837;0.7224663
1946020370;41.39676;-8.444882;-0.147391;0.7225098
1946020371;41.39706;-8.447869;-0.1474431;0.722515
1946020372;41.39428;-8.435451;-0.1472264;0.7224665
1946020373;41.39734;-8.445414;-0.1474003;0.7225199
1946020374;41.39674;-8.448239;-0.1474496;0.7225094
1946020375;41.39933;-8.437943;-0.1472699;0.7225546
1946020376;41.39427;-8.435665;-0.1472301;0.7224663
1946020378;41.39429;-8.433368;-0.14719;0.7224667
1946020379;41.3989;-8.448411;-0.1474526;0.7225471
1946020382;41.39439;-8.43397;-0.1472006;0.7224685
1946020383;41.40109;-8.434228;-0.1472051;0.7225854
1946020385;41.40081;-8.438707;-0.1472832;0.7225805
1946020386;41.39921;-8.438573;-0.1472809;0.7225525
1946020388;41.39661;-8.444915;-0.1473916;0.7225071
1946020389;41.39428;-8.434984;-0.1472182;0.7224664
1946020390;41.39962;-8.438814;-0.1472851;0.7225596
1946020391;41.39429;-8.433144;-0.1471861;0.7224666
1946020396;41.39671;-8.445686;-0.147405;0.722509
1946020397;41.39998;-8.445522;-0.1474022;0.722566
1946020398;41.39656;-8.443987;-0.1473754;0.7225063
1946020402;41.39997;-8.438691;-0.1472829;0.7225657
1946020405;41.39607;-8.444625;-0.1473865;0.7224978
1946020408;41.39791;-8.449543;-0.1474724;0.7225299
1946020410;41.39695;-8.444697;-0.1473878;0.7225131
1946020411;41.40112;-8.438676;-0.1472827;0.7225858
1946020412;41.39984;-8.438745;-0.1472839;0.7225636
1946020413;41.39923;-8.436421;-0.1472433;0.7225529
1946020415;41.39923;-8.437957;-0.1472701;0.722553
1946020416;41.3956;-8.444369;-0.1473821;0.7224894
1946020417;41.4009;-8.438594;-0.1472812;0.722582
1946020418;41.39956;-8.448867;-0.1474606;0.7225586
1946020420;41.40041;-8.447236;-0.1474321;0.7225734
1946020421;41.39721;-8.445493;-0.1474017;0.7225175
1946020422;41.39962;-8.447317;-0.1474335;0.7225597
1946020424;41.39808;-8.449232;-0.1474669;0.7225328
1946020425;41.39435;-8.434625;-0.147212;0.7224677
1946020426;41.40003;-8.437178;-0.1472565;0.7225668
1946020428;41.39431;-8.435874;-0.1472338;0.7224671
1946020431;41.39927;-8.438192;-0.1472742;0.7225536
1946020432;41.39799;-8.449458;-0.1474709;0.7225313
1946020433;41.39748;-8.445676;-0.1474048;0.7225223
1946020436;41.39985;-8.448559;-0.1474552;0.7225636
1946039073;41.39472;-8.439807;-0.1473024;0.7224742
1946039091;41.39242;-8.437262;-0.147258;0.722434
1946039095;41.39478;-8.436714;-0.1472484;0.7224751
1946039107;41.39485;-8.440185;-0.147309;0.7224764
1946039114;41.39508;-8.438595;-0.1472813;0.7224805
1946039115;41.39498;-8.437961;-0.1472702;0.7224786
1946039119;41.38777;-8.450909;-0.1474962;0.7223529
1946039135;41.39323;-8.434814;-0.1472153;0.7224481
1946039138;41.39368;-8.431447;-0.1471565;0.722456
1946039141;41.39215;-8.436905;-0.1472518;0.7224293
1946039144;41.38923;-8.449126;-0.1474651;0.7223783
1946039146;41.39431;-8.435841;-0.1472332;0.7224669
1946039148;41.39503;-8.438254;-0.1472753;0.7224796
1946039151;41.39289;-8.438061;-0.1472719;0.7224423
1946039153;41.39491;-8.437792;-0.1472673;0.7224774
1946039154;41.39466;-8.436502;-0.1472447;0.7224731
1946039161;41.39429;-8.433455;-0.1471916;0.7224667
1946039164;41.38835;-8.449682;-0.1474748;0.7223629
1946039165;41.38773;-8.451029;-0.1474983;0.7223522
1946039166;41.39462;-8.441796;-0.1473371;0.7224723
1946039169;41.39428;-8.435334;-0.1472244;0.7224665
1946039170;41.39503;-8.438741;-0.1472838;0.7224795
1946039177;41.39468;-8.441046;-0.147324;0.7224735
1946039178;41.38868;-8.449421;-0.1474702;0.7223687
1946039192;41.39357;-8.43924;-0.1472925;0.7224541
1946039194;41.39515;-8.437536;-0.1472628;0.7224816
1946039201;41.39482;-8.438919;-0.1472869;0.722476
1946039203;41.39487;-8.43451;-0.14721;0.7224768
1946039210;41.39485;-8.438854;-0.1472858;0.7224764
1946039212;41.39492;-8.437593;-0.1472638;0.7224777
1946039213;41.39494;-8.438841;-0.1472856;0.7224779
1946039214;41.39444;-8.43609;-0.1472376;0.7224693
1946039215;41.38824;-8.449818;-0.1474771;0.7223611
1946039216;41.39437;-8.434353;-0.1472072;0.7224681
1946039217;41.39479;-8.439308;-0.1472937;0.7224753
1946039218;41.3948;-8.439048;-0.1472892;0.7224756
1946039220;41.39488;-8.437087;-0.1472549;0.722477
1946039223;41.39471;-8.439412;-0.1472955;0.722474
1946039225;41.39474;-8.439348;-0.1472944;0.7224745
1946039229;41.38686;-8.452399;-0.1475222;0.7223369
1946039234;41.38663;-8.452741;-0.1475282;0.722333
1946039239;41.39492;-8.437444;-0.1472612;0.7224777
1946039240;41.39321;-8.438609;-0.1472815;0.7224478
1946039246;41.39232;-8.437081;-0.1472549;0.7224323
1946039249;41.39487;-8.438841;-0.1472856;0.7224768
1946043771;41.39423;-8.443809;-0.1473723;0.7224656
1946043772;41.39267;-8.451098;-0.1474995;0.7224385
1946043774;41.39547;-8.443273;-0.1473629;0.7224873
1946043776;41.39297;-8.451198;-0.1475012;0.7224436
1946043781;41.39387;-8.448583;-0.1474556;0.7224593
1946043782;41.39423;-8.447046;-0.1474288;0.7224656
1946043784;41.39519;-8.447171;-0.147431;0.7224823
1946043785;41.3954;-8.443312;-0.1473636;0.722486
1946043786;41.39278;-8.451137;-0.1475002;0.7224404
1946043788;41.39311;-8.446736;-0.1474234;0.7224461
1946043790;41.39462;-8.447071;-0.1474292;0.7224725
1946043791;41.39389;-8.445174;-0.1473961;0.7224596
1946043793;41.39428;-8.44707;-0.1474292;0.7224665
1946043798;41.39372;-8.446997;-0.1474279;0.7224567
1946043805;41.39519;-8.45196;-0.1475145;0.7224823
1946043809;41.39532;-8.451933;-0.1475141;0.7224846
1946043812;41.39271;-8.447133;-0.1474303;0.7224391
1946043813;41.39448;-8.44399;-0.1473754;0.7224699
1946043815;41.39657;-8.454444;-0.1475579;0.7225064
1946043816;41.39255;-8.450943;-0.1474968;0.7224362
1946043817;41.39465;-8.451927;-0.147514;0.722473
1946043819;41.39423;-8.447289;-0.147433;0.7224656
1946043820;41.39391;-8.451646;-0.1475091;0.72246
1946043822;41.39259;-8.450765;-0.1474937;0.722437
1946043824;41.39405;-8.44462;-0.1473864;0.7224624
1946043827;41.39297;-8.450068;-0.1474815;0.7224436
1946043829;41.39591;-8.452255;-0.1475197;0.722495
1946043832;41.39284;-8.447075;-0.1474293;0.7224414
1946043833;41.39383;-8.45163;-0.1475088;0.7224585
1946043834;41.3951;-8.443416;-0.1473654;0.7224807
1946043836;41.39555;-8.451877;-0.1475131;0.7224886
1946043857;41.39439;-8.451856;-0.1475127;0.7224683
1946043858;41.39622;-8.448107;-0.1474473;0.7225003
1946043859;41.39327;-8.44941;-0.14747;0.7224488
1946043862;41.39423;-8.451675;-0.1475096;0.7224655
1946043863;41.39409;-8.444517;-0.1473846;0.7224631
1946043865;41.39412;-8.451659;-0.1475093;0.7224637
1946043867;41.39308;-8.449801;-0.1474769;0.7224455
1946043869;41.39493;-8.447113;-0.1474299;0.7224778
1946043876;41.39431;-8.451732;-0.1475105;0.7224669
1946043878;41.39486;-8.443504;-0.147367;0.7224767
1946043882;41.39296;-8.446994;-0.1474279;0.7224433
1946043897;41.39425;-8.444282;-0.1473805;0.7224659
1946043901;41.39402;-8.448305;-0.1474507;0.722462
1946043906;41.39452;-8.451943;-0.1475142;0.7224706
1946043908;41.39397;-8.444927;-0.1473918;0.722461
1946043910;41.3936;-8.448949;-0.147462;0.7224545
1946043914;41.39412;-8.447777;-0.1474415;0.7224637
1946043919;41.39561;-8.451949;-0.1475143;0.7224898
1946043935;41.39487;-8.451903;-0.1475135;0.7224767
1946043939;41.39329;-8.451378;-0.1475044;0.7224492
1946043940;41.39281;-8.450368;-0.1474867;0.7224408
1946043941;41.39497;-8.443449;-0.147366;0.7224786
1946043942;41.39357;-8.445822;-0.1474074;0.7224541
1946043945;41.39476;-8.443611;-0.1473688;0.7224749
1946043951;41.39407;-8.448182;-0.1474486;0.7224627
1946043955;41.39444;-8.451933;-0.1475141;0.7224692
1946043956;41.39476;-8.45189;-0.1475133;0.7224749
1946043965;41.39606;-8.452371;-0.1475217;0.7224976
1946043969;41.39545;-8.451884;-0.1475132;0.7224869
1946093100;41.39196;-8.421801;-0.1469882;0.7224261
1946093184;41.39142;-8.423954;-0.1470257;0.7224165
1962020054;41.39689;-8.441488;-0.1473318;0.7225121
1962020063;41.39692;-8.441308;-0.1473286;0.7225125
1962020067;41.39693;-8.441254;-0.1473277;0.7225127
1962020069;41.39692;-8.441366;-0.1473296;0.7225126
1962020076;41.39697;-8.441216;-0.147327;0.7225133
1962020077;41.397;-8.441445;-0.147331;0.722514
1962020081;41.39701;-8.441201;-0.1473268;0.7225141
1962020082;41.39708;-8.441404;-0.1473303;0.7225153
1962020084;41.39709;-8.441354;-0.1473294;0.7225156
1962748473;41.39701;-8.449106;-0.1474647;0.7225141
1962748487;41.39923;-8.439879;-0.1473037;0.7225528
2382489523;41.39532;-8.438728;-0.1472836;0.7224846
2382489524;41.39524;-8.438675;-0.1472827;0.7224832
2382489526;41.39781;-8.438787;-0.1472846;0.7225281
2382489527;41.39621;-8.439322;-0.1472939;0.7225001
2382489532;41.39555;-8.438999;-0.1472883;0.7224886
2382489533;41.39774;-8.438755;-0.1472841;0.7225268
2382489535;41.3971;-8.438597;-0.1472813;0.7225156
2382489541;41.39695;-8.438688;-0.1472829;0.7225131
2382489543;41.39548;-8.438919;-0.1472869;0.7224874
2382489549;41.39722;-8.438551;-0.1472805;0.7225177
2382489572;41.39685;-8.438747;-0.1472839;0.7225114
2382489583;41.39766;-8.438709;-0.1472833;0.7225255
2382489586;41.39674;-8.438847;-0.1472857;0.7225094
2382489587;41.3959;-8.439178;-0.1472915;0.7224948
2382489589;41.39659;-8.439036;-0.147289;0.7225068
2382489590;41.39561;-8.439023;-0.1472887;0.7224898
2382489591;41.39751;-8.438616;-0.1472816;0.7225228
2382489595;41.3954;-8.438795;-0.1472848;0.722486
2382489596;41.39572;-8.439077;-0.1472897;0.7224916
2382489597;41.39742;-8.438567;-0.1472808;0.7225212
2382489599;41.39645;-8.4392;-0.1472918;0.7225044
2382489600;41.39637;-8.439302;-0.1472936;0.722503
2382489601;41.39631;-8.439345;-0.1472944;0.7225018
2382489604;41.39731;-8.438533;-0.1472802;0.7225194
2382489608;41.39605;-8.439246;-0.1472926;0.7224973
2382489613;41.39788;-8.438792;-0.1472847;0.7225292
2688511590;41.39904;-8.438249;-0.1472752;0.7225496
2688511591;41.39895;-8.438239;-0.1472751;0.722548
2688511592;41.39884;-8.43833;-0.1472766;0.7225461
2688511593;41.3986;-8.438537;-0.1472802;0.7225418
2688511594;41.39848;-8.438633;-0.1472819;0.7225398
2688511595;41.39838;-8.438859;-0.1472859;0.7225381
2688511596;41.39832;-8.439015;-0.1472886;0.722537
2723492876;41.39701;-8.445021;-0.1473934;0.7225142
2776348016;41.394;-8.447021;-0.1474283;0.7224617
2776348017;41.39417;-8.447581;-0.1474381;0.7224644
2778674688;41.39304;-8.446876;-0.1474258;0.7224448
3072729758;41.39775;-8.455849;-0.1475824;0.722527
3334085531;41.39766;-8.455119;-0.1475697;0.7225255
3334085532;41.39771;-8.455395;-0.1475745;0.7225263
3334085533;41.39769;-8.455256;-0.147572;0.722526
3334085534;41.39762;-8.454982;-0.1475673;0.7225247
3742721785;41.39669;-8.444916;-0.1473916;0.7225085
3742721787;41.39697;-8.444918;-0.1473916;0.7225134
3742721788;41.39698;-8.444857;-0.1473906;0.7225137
3742721791;41.39702;-8.444824;-0.14739;0.7225143
3742721792;41.39707;-8.445113;-0.147395;0.7225152
3742721794;41.39714;-8.44514;-0.1473955;0.7225165
3742721795;41.39717;-8.445113;-0.147395;0.722517
3742725621;41.39555;-8.443135;-0.1473605;0.7224886
3742725622;41.39558;-8.44307;-0.1473594;0.7224892
3742725623;41.39559;-8.443128;-0.1473604;0.7224893
3742725624;41.3956;-8.443015;-0.1473584;0.7224895
3742729025;41.39561;-8.443175;-0.1473612;0.7224897
3742729026;41.39563;-8.442976;-0.1473577;0.72249
3742729027;41.39565;-8.443204;-0.1473617;0.7224903
3742729028;41.39568;-8.442963;-0.1473575;0.7224908
3742729029;41.39568;-8.44321;-0.1473618;0.7224908
3742729030;41.3957;-8.443203;-0.1473617;0.7224913
3742729031;41.39571;-8.442975;-0.1473577;0.7224915
3742729032;41.39574;-8.443177;-0.1473612;0.7224919
3742729033;41.39575;-8.443021;-0.1473585;0.7224922
3742729034;41.39576;-8.443135;-0.1473605;0.7224923
3742729035;41.39577;-8.443087;-0.1473597;0.7224925
3742729036;41.39579;-8.44297;-0.1473576;0.7224928
3742729037;41.39586;-8.44293;-0.1473569;0.722494
3742729038;41.39638;-8.442211;-0.1473444;0.7225031
3742729039;41.39694;-8.441407;-0.1473303;0.722513
3742729040;41.39697;-8.441436;-0.1473309;0.7225135
3742729041;41.39704;-8.441436;-0.1473309;0.7225147
3742729042;41.39705;-8.441214;-0.147327;0.7225148
3742729043;41.39708;-8.441247;-0.1473276;0.7225153
3742729044;41.39708;-8.441136;-0.1473256;0.7225154
3742729045;41.39709;-8.441296;-0.1473284;0.7225156
3742729046;41.39731;-8.44097;-0.1473227;0.7225194
3742729047;41.39751;-8.440862;-0.1473208;0.7225229
3742735115;41.39727;-8.440811;-0.1473199;0.7225187
3742735116;41.39729;-8.440879;-0.1473211;0.7225189
3742735117;41.39729;-8.440724;-0.1473184;0.722519
3742735118;41.39792;-8.438497;-0.1472795;0.7225301
3742735119;41.39793;-8.438629;-0.1472819;0.7225302
3742735120;41.39798;-8.438961;-0.1472877;0.722531
3742735121;41.39798;-8.438806;-0.1472849;0.722531
3742735122;41.39803;-8.438989;-0.1472881;0.7225319
3742735123;41.39801;-8.438702;-0.1472831;0.7225316
3742735124;41.39805;-8.43891;-0.1472868;0.7225323
3742737825;41.39809;-8.438716;-0.1472834;0.722533
3742737826;41.39813;-8.438908;-0.1472867;0.7225336
3742737827;41.39813;-8.438745;-0.1472839;0.7225337
3742737828;41.39816;-8.438884;-0.1472863;0.7225341
3742737829;41.39817;-8.438815;-0.1472851;0.7225343
3742737830;41.39846;-8.439062;-0.1472894;0.7225394
3742737831;41.39853;-8.439295;-0.1472935;0.7225406
3742738092;41.39805;-8.438698;-0.1472831;0.7225323
3742740725;41.3989;-8.438028;-0.1472714;0.7225471
3742740726;41.3989;-8.437914;-0.1472694;0.7225471
3742740727;41.39893;-8.437832;-0.147268;0.7225477
3742740728;41.39893;-8.43813;-0.1472732;0.7225477
3742740729;41.39898;-8.437774;-0.1472669;0.7225485
3742740730;41.39899;-8.438228;-0.1472749;0.7225487
3742740731;41.39901;-8.438194;-0.1472743;0.722549
3742740732;41.39902;-8.437427;-0.1472609;0.7225493
3742740733;41.39905;-8.437747;-0.1472665;0.7225497
3742740734;41.39909;-8.438205;-0.1472744;0.7225505
3742740735;41.39912;-8.437756;-0.1472666;0.7225509
3742740736;41.39915;-8.438176;-0.147274;0.7225515
3742740737;41.39917;-8.437799;-0.1472674;0.7225519
3742740738;41.3992;-8.438122;-0.147273;0.7225524
3742740739;41.39922;-8.43787;-0.1472686;0.7225526
3742740740;41.39923;-8.438044;-0.1472716;0.7225529
3742740741;41.39928;-8.438583;-0.1472811;0.7225537
3783271749;41.39457;-8.440971;-0.1473227;0.7224715
3783271750;41.39458;-8.441605;-0.1473338;0.7224718
3783271751;41.39462;-8.441022;-0.1473236;0.7224725
3783271752;41.39467;-8.441974;-0.1473402;0.7224733
3783277532;41.39708;-8.448849;-0.1474602;0.7225153
3783284132;41.3958;-8.443031;-0.1473587;0.7224931
3783284134;41.39612;-8.443517;-0.1473672;0.7224987
3783284139;41.39647;-8.443634;-0.1473692;0.7225047
3783284141;41.39648;-8.443864;-0.1473732;0.7225049
3783284143;41.39652;-8.443859;-0.1473731;0.7225056
3783284147;41.39673;-8.44404;-0.1473763;0.7225092
3783284148;41.39682;-8.444448;-0.1473834;0.7225108
3783284659;41.39723;-8.449261;-0.1474674;0.722518
3783284660;41.39766;-8.446062;-0.1474116;0.7225254
3783284661;41.39769;-8.446172;-0.1474135;0.7225259
3783284662;41.39769;-8.446681;-0.1474224;0.7225259
3783284663;41.3977;-8.446465;-0.1474186;0.7225262
4284082996;41.39199;-8.42157;-0.1469841;0.7224265
